unitid,Year,UG FT,UG PT,UG total enrollment,UG total FTE ,GR FT,GR PT,GR total enrollment,GR total FTE,Total enrollment,Total FTE
100654,2001,4314,357,4671,4458,531,647,1178,765,5849,5223
100663,2001,6778,3176,9954,8060,2882,1859,4741,3554,14695,11614
100690,2001,146,9,155,150,102,131,233,156,388,306
100706,2001,3397,2069,5466,4232,467,821,1288,764,6754,4996
100724,2001,4135,576,4711,4367,186,693,879,437,5590,4804
100751,2001,13515,1686,15201,14195,2601,1328,3929,3082,19130,17277
100760,2001,950,704,1654,1230,0,0,0,0,1654,1230
100812,2001,1068,1506,2574,1676,0,0,0,0,2574,1676
100830,2001,2541,1625,4166,3197,243,573,816,450,4982,3647
100858,2001,17096,1826,18922,17833,2145,1402,3547,2658,22469,20491
100919,2001,599,876,1475,947,0,0,0,0,1475,947
100937,2001,1279,68,1347,1306,43,34,77,56,1424,1362
100973,2001,123,92,215,160,0,0,0,0,215,160
101028,2001,871,1018,1889,1275,0,0,0,0,1889,1275
101073,2001,618,163,781,682,0,0,0,0,781,682
101107,2001,373,82,455,406,0,0,0,0,455,406
101116,2001,148,92,240,184,0,0,0,0,240,184
101143,2001,883,679,1562,1153,0,0,0,0,1562,1153
101161,2001,1985,984,2969,2376,0,0,0,0,2969,2376
101189,2001,1698,640,2338,1949,158,144,302,236,2640,2185
101231,2001,259,,259,259,0,0,0,0,259,259
101240,2001,3403,3312,6715,4718,0,0,0,0,6715,4718
101286,2001,2795,1267,4062,3298,0,0,0,0,4062,3298
101295,2001,2724,2242,4966,3614,0,0,0,0,4966,3614
101301,2001,954,620,1574,1200,0,0,0,0,1574,1200
101347,2001,679,531,1210,890,0,0,0,0,1210,890
101365,2001,422,109,531,465,0,0,0,0,531,465
101435,2001,577,38,615,592,0,0,0,0,615,592
101453,2001,58,72,130,86,7,10,17,11,147,97
101462,2001,370,301,671,490,0,0,0,0,671,490
101471,2001,417,157,574,479,0,0,0,0,574,479
101480,2001,5451,1418,6869,6023,361,1106,1467,761,8336,6784
101499,2001,779,484,1263,971,0,0,0,0,1263,971
101505,2001,2406,3944,6350,3972,0,0,0,0,6350,3972
101514,2001,3180,4985,8165,5159,0,0,0,0,8165,5159
101523,2001,553,553,1106,773,0,0,0,0,1106,773
101541,2001,289,56,345,311,0,0,0,0,345,311
101569,2001,1228,633,1861,1479,0,0,0,0,1861,1479
101587,2001,1503,122,1625,1552,176,173,349,239,1974,1791
101602,2001,583,200,783,662,0,0,0,0,783,662
101648,2001,176,,176,176,0,0,0,0,176,176
101675,2001,1485,152,1637,1545,0,0,0,0,1637,1545
101693,2001,1380,423,1803,1546,23,161,184,85,1987,1631
101709,2001,2296,263,2559,2402,135,241,376,222,2935,2624
101736,2001,2308,1814,4122,3028,0,0,0,0,4122,3028
101879,2001,4080,772,4852,4392,118,552,670,318,5522,4710
101897,2001,933,781,1714,1243,0,0,0,0,1714,1243
101912,2001,1582,196,1778,1659,0,0,0,0,1778,1659
101949,2001,849,352,1201,989,0,0,0,0,1201,989
101958,2001,76,27,103,87,0,0,0,0,103,87
101994,2001,418,323,741,546,0,0,0,0,741,546
102030,2001,2502,1931,4433,3269,0,0,0,0,4433,3269
102049,2001,2679,211,2890,2762,1242,245,1487,1339,4377,4101
102067,2001,3140,2283,5423,4046,0,0,0,0,5423,4046
102076,2001,1062,617,1679,1307,0,0,0,0,1679,1307
102094,2001,5979,3593,9572,7429,1619,931,2550,1956,12122,9385
102216,2001,54,30,84,66,0,0,0,0,84,66
102234,2001,1022,222,1244,1109,20,219,239,104,1483,1213
102261,2001,152,48,200,171,0,0,0,0,200,171
102270,2001,1478,35,1513,1492,0,0,0,0,1513,1492
102298,2001,503,37,540,518,0,0,0,0,540,518
102313,2001,346,254,600,447,0,0,0,0,600,447
102322,2001,668,831,1499,1003,76,280,356,177,1855,1180
102359,2001,862,1834,2696,1602,162,265,427,258,3123,1860
102368,2001,5188,3195,8383,6477,1917,3360,5277,3132,13660,9609
102377,2001,2354,159,2513,2416,313,54,367,334,2880,2750
102395,2001,,,0,0,77,219,296,161,296,161
102429,2001,2226,1278,3504,2733,0,0,0,0,3504,2733
102553,2001,5929,8475,14404,9349,211,425,636,365,15040,9714
102580,2001,34,3,37,35,0,0,0,0,37,35
102614,2001,3193,3116,6309,4450,526,307,833,637,7142,5087
102632,2001,783,2436,3219,1766,40,48,88,57,3307,1823
102669,2001,301,153,454,361,98,101,199,137,653,498
102711,2001,189,31,220,199,0,0,0,0,220,199
102845,2001,150,245,395,246,0,0,0,0,395,246
103361,2001,73,709,782,355,0,0,0,0,782,355
103440,2001,131,27,158,142,0,0,0,0,158,142
103501,2001,388,,388,388,0,0,0,0,388,388
103644,2001,240,,240,240,0,0,0,0,240,240
103723,2001,2052,,2052,2052,0,0,0,0,2052,2052
103732,2001,49,,49,49,0,0,0,0,49,49
103741,2001,174,,174,174,0,0,0,0,174,174
103778,2001,,,0,0,1228,320,1548,1350,1548,1350
103787,2001,64,10,74,68,0,0,0,0,74,68
103811,2001,198,,198,198,0,0,0,0,198,198
103893,2001,1240,,1240,1240,0,0,0,0,1240,1240
103945,2001,15,,15,15,0,0,0,0,15,15
103954,2001,70,,70,70,0,0,0,0,70,70
103963,2001,277,,277,277,0,0,0,0,277,277
104090,2001,249,,249,249,0,0,0,0,249,249
104151,2001,27967,7224,35191,30882,6139,4363,10502,7719,45693,38601
104160,2001,1613,4476,6089,3390,0,0,0,0,6089,3390
104179,2001,23324,4208,27532,25022,5522,2693,8215,6497,35747,31519
104188,2001,344,,344,344,0,0,0,0,344,344
104294,2001,92,,92,92,0,0,0,0,92,92
104346,2001,1309,4019,5328,2905,0,0,0,0,5328,2905
104364,2001,343,,343,343,0,0,0,0,343,343
104391,2001,66,,66,66,0,0,0,0,66,66
104425,2001,1675,4197,5872,3341,0,0,0,0,5872,3341
104434,2001,48,,48,48,0,0,0,0,48,48
104443,2001,56,,56,56,0,0,0,0,56,56
104504,2001,51,15,66,57,0,0,0,0,66,57
104522,2001,17,12,29,22,0,0,0,0,29,22
104531,2001,2347,703,3050,2623,0,0,0,0,3050,2623
104568,2001,68,17,85,75,0,0,0,0,85,75
104577,2001,1512,4861,6373,3442,0,0,0,0,6373,3442
104586,2001,1568,156,1724,1629,5,11,16,9,1740,1638
104708,2001,5149,14626,19775,10956,0,0,0,0,19775,10956
104717,2001,1284,325,1609,1412,53,2451,2504,989,4113,2401
104805,2001,1189,,1189,1189,0,0,0,0,1189,1189
104911,2001,36,51,87,56,0,0,0,0,87,56
104984,2001,130,,130,130,0,0,0,0,130,130
105118,2001,285,,285,285,0,0,0,0,285,285
105127,2001,91,,91,91,0,0,0,0,91,91
105145,2001,558,7402,7960,3497,0,0,0,0,7960,3497
105154,2001,6890,16672,23562,13510,0,0,0,0,23562,13510
105163,2001,280,,280,280,0,0,0,0,280,280
105172,2001,413,4,417,415,0,0,0,0,417,415
105206,2001,688,4591,5279,2511,0,0,0,0,5279,2511
105215,2001,1247,,1247,1247,0,0,0,0,1247,1247
105242,2001,60,,60,60,0,0,0,0,60,60
105297,2001,623,1062,1685,1045,0,0,0,0,1685,1045
105330,2001,11505,2235,13740,12407,1708,4280,5988,3256,19728,15663
105349,2001,815,4269,5084,2510,0,0,0,0,5084,2510
105367,2001,481,882,1363,827,70,978,1048,444,2411,1271
105419,2001,139,,139,139,0,0,0,0,139,139
105428,2001,2737,9559,12296,6532,0,0,0,0,12296,6532
105482,2001,139,,139,139,0,0,0,0,139,139
105516,2001,4551,,4551,4551,3035,0,3035,3035,7586,7586
105525,2001,7731,20445,28176,15849,0,0,0,0,28176,15849
105534,2001,648,,648,648,0,0,0,0,648,648
105543,2001,447,,447,447,0,0,0,0,447,447
105589,2001,736,91,827,772,146,32,178,158,1005,930
105659,2001,130,100,230,170,0,0,0,0,230,170
105668,2001,964,11412,12376,5495,0,0,0,0,12376,5495
105677,2001,33,,33,33,0,0,0,0,33,33
105701,2001,41,,41,41,0,0,0,0,41,41
105747,2001,2996,8332,11328,6304,0,0,0,0,11328,6304
105792,2001,711,2695,3406,1781,0,0,0,0,3406,1781
105880,2001,,,0,0,69,0,69,69,69,69
105899,2001,69,33,102,82,0,0,0,0,102,82
105987,2001,158,,158,158,0,0,0,0,158,158
106041,2001,1777,,1777,1777,0,0,0,0,1777,1777
106050,2001,107,,107,107,0,0,0,0,107,107
106102,2001,966,,966,966,356,0,356,356,1322,1322
106111,2001,91,,91,91,0,0,0,0,91,91
106148,2001,1219,6943,8162,3976,0,0,0,0,8162,3976
106245,2001,5447,3737,9184,6955,881,1253,2134,1338,11318,8293
106263,2001,498,175,673,569,1053,210,1263,1130,1936,1699
106281,2001,17,1,18,17,0,0,0,0,18,17
106306,2001,153,82,235,185,0,0,0,0,235,185
106315,2001,30,,30,30,0,0,0,0,30,30
106342,2001,486,35,521,500,0,0,0,0,521,500
106351,2001,51,,51,51,0,0,0,0,51,51
106360,2001,43,,43,43,0,0,0,0,43,43
106397,2001,10825,1993,12818,11629,1425,1509,2934,1971,15752,13600
106412,2001,2729,323,3052,2859,14,78,92,42,3144,2901
106449,2001,1464,1389,2853,2016,0,0,0,0,2853,2016
106458,2001,7513,1913,9426,8285,246,896,1142,570,10568,8855
106467,2001,4377,828,5205,4711,126,245,371,215,5576,4926
106476,2001,304,159,463,357,0,0,0,0,463,357
106485,2001,1812,296,2108,1931,19,205,224,93,2332,2024
106494,2001,137,,137,137,0,0,0,0,137,137
106546,2001,459,155,614,521,0,0,0,0,614,521
106607,2001,31,,31,31,0,0,0,0,31,31
106625,2001,873,589,1462,1107,0,0,0,0,1462,1107
106704,2001,6987,553,7540,7210,417,529,946,608,8486,7818
106713,2001,318,40,358,334,0,0,0,0,358,334
106759,2001,29,8,37,32,0,0,0,0,37,32
106795,2001,369,521,890,576,0,0,0,0,890,576
106801,2001,280,19,299,286,0,0,0,0,299,286
106810,2001,108,46,154,126,0,0,0,0,154,126
106829,2001,170,53,223,188,0,0,0,0,223,188
106838,2001,25,,25,25,0,0,0,0,25,25
106883,2001,732,568,1300,958,0,0,0,0,1300,958
106892,2001,236,,236,236,0,0,0,0,236,236
106908,2001,19,,19,19,0,0,0,0,19,19
106935,2001,197,51,248,214,0,0,0,0,248,214
106944,2001,86,68,154,109,0,0,0,0,154,109
106980,2001,949,1491,2440,1541,0,0,0,0,2440,1541
106999,2001,617,619,1236,863,0,0,0,0,1236,863
107017,2001,117,52,169,134,0,0,0,0,169,134
107035,2001,,,0,0,55,128,183,112,183,112
107044,2001,3818,260,4078,3920,141,458,599,316,4677,4236
107071,2001,2783,352,3135,2925,68,262,330,163,3465,3088
107080,2001,1068,11,1079,1072,6,0,6,6,1085,1078
107099,2001,46,,46,46,0,0,0,0,46,46
107123,2001,47,,47,47,0,0,0,0,47,47
107141,2001,1442,95,1537,1479,26,112,138,69,1675,1548
107211,2001,39,,39,39,0,0,0,0,39,39
107220,2001,65,,65,65,0,0,0,0,65,65
107275,2001,14,,14,14,0,0,0,0,14,14
107293,2001,25,,25,25,0,0,0,0,25,25
107318,2001,301,693,994,576,0,0,0,0,994,576
107327,2001,1046,794,1840,1361,0,0,0,0,1840,1361
107363,2001,19,,19,19,0,0,0,0,19,19
107442,2001,64,,64,64,0,0,0,0,64,64
107460,2001,1081,808,1889,1402,0,0,0,0,1889,1402
107488,2001,284,847,1131,568,0,0,0,0,1131,568
107512,2001,1581,29,1610,1592,0,0,0,0,1610,1592
107521,2001,420,548,968,638,0,0,0,0,968,638
107549,2001,364,370,734,511,0,0,0,0,734,511
107558,2001,627,27,654,638,0,0,0,0,654,638
107585,2001,876,429,1305,1046,0,0,0,0,1305,1046
107600,2001,658,201,859,737,0,0,0,0,859,737
107619,2001,852,1415,2267,1414,0,0,0,0,2267,1414
107637,2001,910,1248,2158,1406,0,0,0,0,2158,1406
107655,2001,56,14,70,62,0,0,0,0,70,62
107664,2001,2360,2606,4966,3395,0,0,0,0,4966,3395
107673,2001,153,76,229,179,0,0,0,0,229,179
107725,2001,675,462,1137,858,0,0,0,0,1137,858
107743,2001,350,644,994,606,0,0,0,0,994,606
107789,2001,29,21,50,37,0,0,0,0,50,37
107831,2001,50,22,72,59,0,0,0,0,72,59
107877,2001,505,183,688,577,0,0,0,0,688,577
107886,2001,18,,18,18,0,0,0,0,18,18
107974,2001,520,517,1037,725,0,0,0,0,1037,725
107983,2001,2473,390,2863,2630,27,237,264,113,3127,2743
107992,2001,444,452,896,623,0,0,0,0,896,623
108065,2001,8,13,21,13,0,0,0,0,21,13
108092,2001,2541,3205,5746,3834,0,0,0,0,5746,3834
108232,2001,3484,2051,5535,4290,568,179,747,636,6282,4926
108250,2001,533,,533,533,0,0,0,0,533,533
108269,2001,,,0,0,158,19,177,165,177,165
108287,2001,231,,231,231,0,0,0,0,231,231
108348,2001,112,,112,112,0,0,0,0,112,112
108393,2001,203,,203,203,0,0,0,0,203,203
108649,2001,94,,94,94,0,0,0,0,94,94
108667,2001,1123,4271,5394,2819,0,0,0,0,5394,2819
108807,2001,2777,9771,12548,6657,0,0,0,0,12548,6657
108852,2001,183,,183,183,0,0,0,0,183,183
108861,2001,,,0,0,25,51,76,53,76,53
108870,2001,,,0,0,288,0,288,288,288,288
108977,2001,16,8,24,19,0,0,0,0,24,19
109013,2001,438,124,562,487,172,103,275,211,837,698
109040,2001,1292,,1292,1292,0,0,0,0,1292,1292
109086,2001,8,,8,8,44,0,44,44,52,52
109208,2001,7381,22862,30243,16459,0,0,0,0,30243,16459
109332,2001,198,198,396,277,0,0,0,0,396,277
109350,2001,2958,7628,10586,5987,0,0,0,0,10586,5987
109651,2001,1377,,1377,1377,88,0,88,88,1465,1465
109721,2001,293,,293,293,0,0,0,0,293,293
109730,2001,133,,133,133,0,0,0,0,133,133
109749,2001,55,,55,55,0,0,0,0,55,55
109785,2001,3569,85,3654,3602,1302,1879,3181,2028,6835,5630
109819,2001,5302,10111,15413,9317,0,0,0,0,15413,9317
109907,2001,824,2149,2973,1677,0,0,0,0,2973,1677
109934,2001,131,,131,131,0,0,0,0,131,131
110051,2001,376,143,519,432,25,33,58,38,577,470
110060,2001,108,108,216,150,45,1,46,45,262,195
110097,2001,2676,273,2949,2783,534,834,1368,873,4317,3656
110176,2001,1853,,1853,1853,0,0,0,0,1853,1853
110185,2001,914,,914,914,26,0,26,26,940,940
110194,2001,78,,78,78,0,0,0,0,78,78
110219,2001,121,104,225,162,0,0,0,0,225,162
110246,2001,5062,7607,12669,8082,0,0,0,0,12669,8082
110307,2001,,,0,0,205,1,206,205,206,205
110316,2001,37,,37,37,367,523,890,567,927,604
110325,2001,443,,443,443,0,0,0,0,443,443
110334,2001,4189,9984,14173,8153,0,0,0,0,14173,8153
110361,2001,1264,316,1580,1388,125,385,510,272,2090,1660
110370,2001,1017,146,1163,1074,122,5,127,124,1290,1198
110398,2001,,,0,0,1252,0,1252,1252,1252,1252
110404,2001,942,,942,942,1116,0,1116,1116,2058,2058
110413,2001,1631,215,1846,1715,502,509,1011,696,2857,2411
110422,2001,16133,981,17114,16529,568,397,965,712,18079,17241
110440,2001,,,0,0,284,75,359,313,359,313
110459,2001,,,0,0,552,78,630,582,630,582
110468,2001,484,34,518,497,794,604,1398,1025,1916,1522
110477,2001,,,0,0,458,135,593,510,593,510
110486,2001,4164,1110,5274,4612,805,971,1776,1156,7050,5768
110495,2001,3886,1808,5694,4616,787,1053,1840,1168,7534,5784
110510,2001,9129,2008,11137,9939,1742,3106,4848,2865,15985,12804
110529,2001,13791,3186,16977,15077,637,1427,2064,1153,19041,16230
110538,2001,13279,1494,14773,13882,1167,764,1931,1443,16704,15325
110547,2001,4675,3293,7968,6004,1489,3414,4903,2724,12871,8728
110556,2001,12919,3340,16259,14267,1863,1885,3748,2545,20007,16812
110565,2001,17609,7652,25261,20697,2170,2926,5096,3228,30357,23925
110574,2001,7238,2560,9798,8271,1376,2066,3442,2123,13240,10394
110583,2001,21384,6339,27723,23942,2171,3365,5536,3388,33259,27330
110592,2001,10122,4028,14150,11747,2069,4456,6525,3681,20675,15428
110608,2001,18501,6313,24814,21049,2291,4343,6634,3862,31448,24911
110617,2001,16198,5588,21786,18453,2399,2738,5137,3389,26923,21842
110635,2001,21686,1583,23269,22325,7811,1048,8859,8194,32128,30519
110644,2001,18728,2628,21356,19789,5586,350,5936,5713,27292,25502
110653,2001,16971,752,17723,17274,3725,437,4162,3883,21885,21157
110662,2001,24108,1220,25328,24600,11772,394,12166,11915,37494,36515
110671,2001,11444,1270,12714,11956,1601,114,1715,1642,14429,13598
110680,2001,16756,749,17505,17058,3863,190,4053,3932,21558,20990
110699,2001,34,,34,34,3540,0,3540,3540,3574,3574
110705,2001,16990,734,17724,17286,2462,187,2649,2530,20373,19816
110714,2001,11382,652,12034,11645,1072,64,1136,1095,13170,12740
110778,2001,,,0,0,291,57,348,313,348,313
110875,2001,72,4,76,74,0,0,0,0,76,74
110918,2001,53,20,73,61,0,0,0,0,73,61
110945,2001,59,,59,59,0,0,0,0,59,59
110981,2001,,,0,0,248,6,254,250,254,250
111009,2001,839,,839,839,0,0,0,0,839,839
111054,2001,102,1,103,102,0,0,0,0,103,102
111081,2001,817,7,824,820,418,4,422,420,1246,1240
111188,2001,545,61,606,570,0,0,0,0,606,570
111230,2001,192,,192,192,0,0,0,0,192,192
111391,2001,,,0,0,684,113,797,745,797,745
111434,2001,1118,4284,5402,2819,0,0,0,0,5402,2819
111461,2001,4164,8287,12451,7454,0,0,0,0,12451,7454
111513,2001,68,72,140,97,0,0,0,0,140,97
111638,2001,281,65,346,307,0,0,0,0,346,307
111708,2001,135,,135,135,0,0,0,0,135,135
111717,2001,485,,485,485,0,0,0,0,485,485
111726,2001,296,,296,296,0,0,0,0,296,296
111744,2001,128,,128,128,0,0,0,0,128,128
111762,2001,181,,181,181,0,0,0,0,181,181
111771,2001,142,,142,142,0,0,0,0,142,142
111799,2001,95,,95,95,0,0,0,0,95,95
111887,2001,5980,17391,23371,12885,0,0,0,0,23371,12885
111896,2001,1024,4200,5224,2692,0,0,0,0,5224,2692
111920,2001,3695,10278,13973,7776,0,0,0,0,13973,7776
111939,2001,4888,12895,17783,10008,0,0,0,0,17783,10008
111948,2001,2922,224,3146,3010,618,827,1445,952,4591,3962
111966,2001,77,11,88,81,0,7,7,3,95,84
112075,2001,1009,103,1112,1049,133,69,202,159,1314,1208
112084,2001,582,92,674,618,0,0,0,0,674,618
112127,2001,,,0,0,68,63,131,96,131,96
112172,2001,4549,7351,11900,7468,0,0,0,0,11900,7468
112190,2001,7225,31113,38338,19579,0,0,0,0,38338,19579
112233,2001,1265,,1265,1265,503,0,503,503,1768,1768
112251,2001,,,0,0,1193,751,1944,1480,1944,1480
112260,2001,1041,3,1044,1042,0,0,0,0,1044,1042
112288,2001,260,,260,260,0,0,0,0,260,260
112312,2001,66,72,138,94,474,23,497,487,635,581
112367,2001,252,123,375,293,0,0,0,0,375,293
112385,2001,497,7333,7830,3409,0,0,0,0,7830,3409
112394,2001,197,216,413,282,0,0,0,0,413,282
112446,2001,868,206,1074,949,14,0,14,14,1088,963
112455,2001,88,,88,88,0,0,0,0,88,88
112516,2001,308,,308,308,0,0,0,0,308,308
112525,2001,,,0,0,1427,8,1435,1430,1435,1430
112561,2001,769,2206,2975,1645,0,0,0,0,2975,1645
112570,2001,109,,109,109,0,0,0,0,109,109
112686,2001,2516,6899,9415,5255,0,0,0,0,9415,5255
112783,2001,230,,230,230,0,0,0,0,230,230
112826,2001,1820,5612,7432,4048,0,0,0,0,7432,4048
113096,2001,4060,14172,18232,9687,0,0,0,0,18232,9687
113111,2001,1579,3544,5123,2986,0,0,0,0,5123,2986
113193,2001,4280,5543,9823,6481,0,0,0,0,9823,6481
113218,2001,1800,5515,7315,3990,0,0,0,0,7315,3990
113227,2001,272,,272,272,0,0,0,0,272,272
113236,2001,4951,8945,13896,8503,0,0,0,0,13896,8503
113245,2001,54,139,193,109,0,0,0,0,193,109
113333,2001,9015,15171,24186,15039,0,0,0,0,24186,15039
113397,2001,72,30,102,84,0,0,0,0,102,84
113528,2001,256,16,272,262,0,0,0,0,272,262
113537,2001,37,,37,37,0,0,0,0,37,37
113573,2001,2521,4942,7463,4483,0,0,0,0,7463,4483
113582,2001,187,212,399,270,0,0,0,0,399,270
113607,2001,2583,1086,3669,3010,0,0,0,0,3669,3010
113634,2001,6944,13886,20830,12458,0,0,0,0,20830,12458
113698,2001,672,274,946,780,271,219,490,355,1436,1135
113704,2001,12,4,16,14,55,27,82,66,98,80
113713,2001,168,123,291,217,0,0,0,0,291,217
113856,2001,5846,21746,27592,14480,0,0,0,0,27592,14480
113865,2001,213,729,942,458,0,0,0,0,942,458
113908,2001,89,,89,89,0,0,0,0,89,89
113980,2001,7064,17853,24917,14153,0,0,0,0,24917,14153
114044,2001,21,,21,21,0,0,0,0,21,21
114062,2001,26,10,36,30,0,0,0,0,36,30
114071,2001,42,,42,42,0,0,0,0,42,42
114080,2001,52,,52,52,0,0,0,0,52,52
114114,2001,,,0,0,202,133,335,253,335,253
114123,2001,1118,65,1183,1144,0,0,0,0,1183,1144
114266,2001,2023,8964,10987,5582,0,0,0,0,10987,5582
114345,2001,42,,42,42,0,0,0,0,42,42
114354,2001,2416,457,2873,2597,0,0,0,0,2873,2597
114372,2001,99,,99,99,0,0,0,0,99,99
114390,2001,596,136,732,650,0,0,0,0,732,650
114415,2001,326,18,344,333,0,0,0,0,344,333
114433,2001,443,1530,1973,1050,0,0,0,0,1973,1050
114460,2001,123,11,134,127,0,0,0,0,134,127
114549,2001,,,0,0,1459,0,1459,1459,1459,1459
114585,2001,,,0,0,198,5,203,200,203,200
114716,2001,4279,10572,14851,8477,0,0,0,0,14851,8477
114734,2001,,,0,0,61,34,95,75,95,75
114761,2001,42,,42,42,0,0,0,0,42,42
114789,2001,6944,12944,19888,12084,0,0,0,0,19888,12084
114813,2001,959,121,1080,1007,158,778,936,455,2016,1462
114840,2001,,,0,0,824,1775,2599,1591,2599,1591
114859,2001,7236,13692,20928,12673,0,0,0,0,20928,12673
114886,2001,104,,104,104,0,0,0,0,104,104
114895,2001,195,,195,195,0,0,0,0,195,195
114901,2001,15,,15,15,0,0,0,0,15,15
114938,2001,1478,3749,5227,2967,0,0,0,0,5227,2967
114947,2001,166,3361,3527,1501,0,0,0,0,3527,1501
115001,2001,4220,12880,17100,9334,0,0,0,0,17100,9334
115010,2001,537,533,1070,749,0,0,0,0,1070,749
115047,2001,,,0,0,253,145,398,332,398,332
115083,2001,178,893,1071,529,1032,2740,3772,2123,4843,2652
115126,2001,4062,10223,14285,8121,0,0,0,0,14285,8121
115214,2001,,,0,0,262,28,290,273,290,273
115296,2001,6631,10852,17483,10940,0,0,0,0,17483,10940
115357,2001,48,,48,48,0,0,0,0,48,48
115393,2001,2493,6964,9457,5258,0,0,0,0,9457,5258
115409,2001,703,3,706,704,1,0,1,1,707,705
115454,2001,664,,664,664,0,0,0,0,664,664
115472,2001,691,1,692,691,0,0,0,0,692,691
115481,2001,163,10,173,167,0,0,0,0,173,167
115490,2001,1070,,1070,1070,0,0,0,0,1070,1070
115515,2001,899,,899,899,0,0,0,0,899,899
115533,2001,1200,35,1235,1214,0,0,0,0,1235,1214
115658,2001,44,79,123,75,0,0,0,0,123,75
115728,2001,300,206,506,381,107,219,326,191,832,572
115746,2001,,,0,0,545,20,565,553,565,553
115755,2001,5811,731,6542,6106,523,317,840,638,7382,6744
115773,2001,446,182,628,517,26,4,30,28,658,545
115782,2001,7,25,32,17,0,0,0,0,32,17
115861,2001,2561,4334,6895,4282,0,0,0,0,6895,4282
115931,2001,258,,258,258,0,0,0,0,258,258
116040,2001,286,,286,286,0,0,0,0,286,286
116226,2001,99,299,398,216,0,0,0,0,398,216
116235,2001,191,,191,191,0,0,0,0,191,191
116350,2001,26,27,53,37,0,0,0,0,53,37
116439,2001,2150,8307,10457,5448,0,0,0,0,10457,5448
116466,2001,885,,885,885,0,0,0,0,885,885
116475,2001,806,4,810,808,0,0,0,0,810,808
116484,2001,682,15,697,688,0,0,0,0,697,688
116563,2001,350,,350,350,0,0,0,0,350,350
116624,2001,,,0,0,108,60,168,132,168,132
116712,2001,20,190,210,95,603,710,1313,877,1523,972
116846,2001,100,8,108,103,101,20,121,109,229,212
117052,2001,3785,6750,10535,6465,0,0,0,0,10535,6465
117104,2001,357,123,480,405,0,0,0,0,480,405
117113,2001,432,165,597,497,0,0,0,0,597,497
117140,2001,2112,1702,3814,2781,1539,1930,3469,2283,7283,5064
117168,2001,264,32,296,277,0,0,0,0,296,277
117186,2001,53,,53,53,0,0,0,0,53,53
117195,2001,542,2763,3305,1639,0,0,0,0,3305,1639
117238,2001,182,,182,182,0,0,0,0,182,182
117247,2001,2683,8941,11624,6233,0,0,0,0,11624,6233
117274,2001,672,1817,2489,1393,0,0,0,0,2489,1393
117520,2001,,,0,0,520,79,599,563,599,563
117575,2001,39,60,99,63,43,41,84,60,183,123
117627,2001,1130,198,1328,1208,90,148,238,147,1566,1355
117636,2001,725,254,979,825,1765,418,2183,1925,3162,2750
117645,2001,6216,13953,20169,11756,0,0,0,0,20169,11756
117672,2001,,,0,0,583,28,611,595,611,595
117690,2001,2752,6917,9669,5498,0,0,0,0,9669,5498
117706,2001,4914,13618,18532,10321,0,0,0,0,18532,10321
117715,2001,1635,5169,6804,3687,0,0,0,0,6804,3687
117724,2001,3879,10266,14145,7955,0,0,0,0,14145,7955
117733,2001,4761,13227,17988,10013,0,0,0,0,17988,10013
117751,2001,1107,69,1176,1134,167,181,348,253,1524,1387
117788,2001,5143,18686,23829,12562,0,0,0,0,23829,12562
117797,2001,20,,20,20,0,0,0,0,20,20
117803,2001,,189,189,75,0,0,0,0,189,75
117867,2001,1784,5454,7238,3950,0,0,0,0,7238,3950
117894,2001,1986,7867,9853,5110,0,0,0,0,9853,5110
117928,2001,279,66,345,305,0,0,0,0,345,305
117946,2001,4808,336,5144,4940,2027,750,2777,2369,7921,7309
118116,2001,80,,80,80,0,0,0,0,80,80
118125,2001,68,,68,68,0,0,0,0,68,68
118134,2001,61,102,163,101,0,0,0,0,163,101
118143,2001,29,19,48,37,0,0,0,0,48,37
118161,2001,70,,70,70,0,0,0,0,70,70
118189,2001,214,,214,214,0,0,0,0,214,214
118198,2001,1444,,1444,1444,0,0,0,0,1444,1444
118259,2001,271,,271,271,0,0,0,0,271,271
118277,2001,1803,37,1840,1818,0,0,0,0,1840,1818
118286,2001,763,,763,763,0,0,0,0,763,763
118338,2001,,513,513,172,0,0,0,0,513,172
118347,2001,1631,6844,8475,4348,0,0,0,0,8475,4348
118356,2001,53,,53,53,0,0,0,0,53,53
118374,2001,33,,33,33,0,0,0,0,33,33
118383,2001,57,,57,57,0,0,0,0,57,57
118392,2001,54,,54,54,0,0,0,0,54,54
118417,2001,76,,76,76,0,0,0,0,76,76
118426,2001,75,,75,75,0,0,0,0,75,75
118435,2001,54,,54,54,0,0,0,0,54,54
118444,2001,32,,32,32,0,0,0,0,32,32
118453,2001,87,,87,87,0,0,0,0,87,87
118480,2001,67,,67,67,0,0,0,0,67,67
118541,2001,689,91,780,725,0,0,0,0,780,725
118684,2001,893,4123,5016,2530,0,0,0,0,5016,2530
118693,2001,624,13,637,629,0,0,0,0,637,629
118709,2001,,,0,0,52,95,147,94,147,94
118718,2001,3540,8036,11576,6731,0,0,0,0,11576,6731
118772,2001,1042,5578,6620,3257,0,0,0,0,6620,3257
118888,2001,699,43,742,716,372,62,434,396,1176,1112
118912,2001,2940,7189,10129,5794,0,0,0,0,10129,5794
118921,2001,47,115,162,93,0,0,0,0,162,93
118930,2001,1969,8250,10219,5245,0,0,0,0,10219,5245
118958,2001,50,,50,50,0,0,0,0,50,50
118967,2001,407,,407,407,0,0,0,0,407,407
118976,2001,5641,11214,16855,10094,0,0,0,0,16855,10094
118994,2001,20,,20,20,0,0,0,0,20,20
119058,2001,14,,14,14,570,99,669,608,683,622
119067,2001,1775,10214,11989,5831,0,0,0,0,11989,5831
119128,2001,5,,5,5,11,0,11,11,16,16
119137,2001,5145,8922,14067,8688,0,0,0,0,14067,8688
119155,2001,20,54,74,41,0,0,0,0,74,41
119164,2001,8787,24140,32927,18372,0,0,0,0,32927,18372
119173,2001,1308,386,1694,1460,136,135,271,188,1965,1648
119216,2001,2970,7619,10589,5995,0,0,0,0,10589,5995
119270,2001,359,35,394,373,0,0,0,0,394,373
119331,2001,1784,5723,7507,4056,0,0,0,0,7507,4056
119340,2001,363,,363,363,0,0,0,0,363,363
119359,2001,1142,,1142,1142,0,0,0,0,1142,1142
119368,2001,380,,380,380,0,0,0,0,380,380
119438,2001,953,,953,953,0,0,0,0,953,953
119456,2001,559,,559,559,0,0,0,0,559,559
119465,2001,525,,525,525,0,0,0,0,525,525
119508,2001,743,,743,743,0,0,0,0,743,743
119544,2001,110,231,341,201,44,134,178,95,519,296
119553,2001,388,,388,388,0,0,0,0,388,388
119605,2001,2737,2623,5360,3767,8455,4452,12907,10156,18267,13923
119711,2001,338,15,353,344,234,17,251,242,604,586
119775,2001,7,1,8,7,98,31,129,110,137,117
119827,2001,73,,73,73,0,0,0,0,73,73
119845,2001,42,42,84,59,0,0,0,0,84,59
119951,2001,90,,90,90,0,0,0,0,90,90
120069,2001,151,,151,151,0,0,0,0,151,151
120078,2001,208,,208,208,0,0,0,0,208,208
120087,2001,65,,65,65,0,0,0,0,65,65
120166,2001,146,56,202,168,377,120,497,423,699,591
120184,2001,592,375,967,739,227,518,745,425,1712,1164
120254,2001,1731,41,1772,1747,17,7,24,20,1796,1767
120272,2001,93,,93,93,0,0,0,0,93,93
120290,2001,2668,8763,11431,6147,0,0,0,0,11431,6147
120333,2001,65,,65,65,0,0,0,0,65,65
120342,2001,9261,15586,24847,15450,0,0,0,0,24847,15450
120403,2001,908,19,927,915,31,7,38,34,965,949
120421,2001,2060,5425,7485,4214,0,0,0,0,7485,4214
120537,2001,609,196,805,686,108,109,217,150,1022,836
120661,2001,451,,451,451,0,0,0,0,451,451
120698,2001,,,0,0,270,10,280,274,280,274
120740,2001,,,0,0,98,18,116,106,116,106
120768,2001,17,241,258,112,89,451,540,261,798,373
120795,2001,,,0,0,79,119,198,136,198,136
120838,2001,24,,24,24,68,0,68,68,92,92
120865,2001,1309,111,1420,1353,5,0,5,5,1425,1358
120883,2001,3096,89,3185,3131,1916,596,2512,2197,5697,5328
120944,2001,,,0,0,436,34,470,455,470,455
120953,2001,404,2269,2673,1305,0,0,0,0,2673,1305
120971,2001,9036,16041,25077,15405,0,0,0,0,25077,15405
121008,2001,23,29,52,35,0,0,0,0,52,35
121017,2001,,223,223,89,0,0,0,0,223,89
121044,2001,7573,18654,26227,14980,0,0,0,0,26227,14980
121071,2001,212,239,451,306,8,67,75,34,526,340
121150,2001,2462,474,2936,2648,1906,2541,4447,2877,7383,5525
121257,2001,869,52,921,889,0,0,0,0,921,889
121275,2001,303,27,330,314,0,0,0,0,330,314
121309,2001,2281,72,2353,2309,272,256,528,370,2881,2679
121345,2001,1544,4,1548,1546,0,0,0,0,1548,1546
121363,2001,1630,3068,4698,2848,0,0,0,0,4698,2848
121381,2001,27,26,53,37,0,0,0,0,53,37
121433,2001,70,23,93,79,0,0,0,0,93,79
121600,2001,,,0,0,4,0,4,4,4,4
121619,2001,4951,26384,31335,15427,0,0,0,0,31335,15427
121628,2001,,,0,0,70,0,70,70,70,70
121691,2001,3056,58,3114,3079,1080,30,1110,1091,4224,4170
121707,2001,2665,5157,7822,4713,0,0,0,0,7822,4713
121859,2001,20,29,49,32,0,0,0,0,49,32
121868,2001,23,27,50,34,0,0,0,0,50,34
121886,2001,4165,13678,17843,9596,0,0,0,0,17843,9596
121901,2001,8202,24851,33053,18069,0,0,0,0,33053,18069
121983,2001,,,0,0,90,33,123,103,123,103
121992,2001,172,,172,172,0,0,0,0,172,172
122010,2001,469,8,477,472,0,0,0,0,477,472
122117,2001,,,0,0,394,27,421,404,421,404
122180,2001,6125,16060,22185,12502,0,0,0,0,22185,12502
122205,2001,5586,13305,18891,10869,0,0,0,0,18891,10869
122223,2001,88,8,96,91,4,4,8,6,104,97
122250,2001,,,0,0,99,1,100,99,100,99
122287,2001,,,0,0,257,87,344,290,344,290
122296,2001,230,21,251,238,320,81,401,351,652,589
122339,2001,2686,24882,27568,12566,0,0,0,0,27568,12566
122366,2001,187,,187,187,0,0,0,0,187,187
122375,2001,5668,15969,21637,12009,0,0,0,0,21637,12009
122384,2001,1556,8106,9662,4775,0,0,0,0,9662,4775
122409,2001,21631,6411,28042,24218,2907,3222,6129,4072,34171,28290
122436,2001,4639,170,4809,4706,1266,987,2253,1689,7062,6395
122454,2001,407,96,503,445,134,17,151,140,654,585
122506,2001,138,9,147,142,120,9,129,123,276,265
122597,2001,14981,5940,20921,17378,3062,2883,5945,4105,26866,21483
122603,2001,,,0,0,163,453,616,345,616,345
122612,2001,4429,258,4687,4530,2526,850,3376,2869,8063,7399
122649,2001,,31,31,12,22,146,168,102,199,114
122658,2001,6551,11385,17936,11072,0,0,0,0,17936,11072
122685,2001,558,,558,558,0,0,0,0,558,558
122694,2001,727,,727,727,0,0,0,0,727,727
122728,2001,219,93,312,256,0,0,0,0,312,256
122746,2001,1847,8306,10153,5145,0,0,0,0,10153,5145
122755,2001,15589,6648,22237,18272,2258,3512,5770,3528,28007,21800
122791,2001,2901,8796,11697,6394,0,0,0,0,11697,6394
122834,2001,225,,225,225,0,0,0,0,225,225
122843,2001,273,179,452,343,0,5,5,2,457,345
122852,2001,213,,213,213,0,0,0,0,213,213
122889,2001,5383,9360,14743,9099,0,0,0,0,14743,9099
122931,2001,4151,128,4279,4201,1352,1737,3089,2028,7368,6229
122977,2001,9789,19221,29010,17421,0,0,0,0,29010,17421
123013,2001,6887,20097,26984,14867,0,0,0,0,26984,14867
123095,2001,,,0,0,440,6,446,442,446,442
123110,2001,49,,49,49,0,0,0,0,49,49
123165,2001,788,10,798,792,14,4,18,16,816,808
123208,2001,548,,548,548,0,0,0,0,548,548
123217,2001,4499,6948,11447,7258,0,0,0,0,11447,7258
123280,2001,72,36,108,86,35,84,119,67,227,153
123299,2001,3656,6452,10108,6218,0,0,0,0,10108,6218
123341,2001,5618,12684,18302,10654,0,0,0,0,18302,10654
123350,2001,46,18,64,53,0,0,0,0,64,53
123396,2001,118,,118,118,0,0,0,0,118,118
123448,2001,,,0,0,83,70,153,121,153,121
123457,2001,964,22,986,973,82,93,175,118,1161,1091
123484,2001,894,1820,2714,1617,0,0,0,0,2714,1617
123493,2001,1818,1729,3547,2505,0,0,0,0,3547,2505
123509,2001,2128,6651,8779,4769,0,0,0,0,8779,4769
123527,2001,3584,9147,12731,7216,0,0,0,0,12731,7216
123554,2001,2468,593,3061,2701,501,565,1066,717,4127,3418
123563,2001,3176,7527,10703,6165,0,0,0,0,10703,6165
123572,2001,5411,1000,6411,5815,620,559,1179,822,7590,6637
123581,2001,101,,101,101,0,0,0,0,101,101
123633,2001,217,204,421,297,192,97,289,229,710,526
123642,2001,183,171,354,251,0,0,0,0,354,251
123651,2001,1196,382,1578,1346,116,133,249,167,1827,1513
123679,2001,569,,569,569,0,0,0,0,569,569
123800,2001,5268,12869,18137,10378,0,0,0,0,18137,10378
123855,2001,,,0,0,67,1,68,67,68,67
123916,2001,,,0,0,62,0,62,62,62,62
123943,2001,,,0,0,379,0,379,379,379,379
123952,2001,19,,19,19,235,3,238,236,257,255
123961,2001,15424,613,16037,15665,10410,3366,13776,11696,29813,27361
123970,2001,,,0,0,603,284,887,758,887,758
124113,2001,582,7308,7890,3484,0,0,0,0,7890,3484
124283,2001,,,0,0,248,258,506,362,506,362
124292,2001,301,,301,301,0,0,0,0,301,301
124344,2001,21,,21,21,0,0,0,0,21,21
124399,2001,147,,147,147,0,0,0,0,147,147
124432,2001,143,,143,143,0,0,0,0,143,143
124487,2001,83,153,236,143,0,0,0,0,236,143
124496,2001,2,,2,2,0,0,0,0,2,2
124681,2001,2172,,2172,2172,0,0,0,0,2172,2172
124706,2001,773,,773,773,0,0,0,0,773,773
124779,2001,47,,47,47,0,0,0,0,47,47
124919,2001,59,,59,59,0,0,0,0,59,59
124937,2001,552,,552,552,0,0,0,0,552,552
125028,2001,3587,8273,11860,6872,0,0,0,0,11860,6872
125082,2001,93,1,94,93,0,0,0,0,94,93
125091,2001,3254,7994,11248,6428,0,0,0,0,11248,6428
125170,2001,661,3382,4043,2004,0,0,0,0,4043,2004
125231,2001,,,0,0,1667,415,2082,1826,2082,1826
125462,2001,1561,3136,4697,2806,0,0,0,0,4697,2806
125471,2001,1983,11313,13296,6475,0,0,0,0,13296,6475
125480,2001,6,63,69,31,22,136,158,96,227,127
125499,2001,3402,7512,10914,6385,0,0,0,0,10914,6385
125505,2001,5973,,5973,5973,0,0,0,0,5973,5973
125532,2001,528,,528,528,0,0,0,0,528,528
125718,2001,,,0,0,118,0,118,118,118,118
125727,2001,1360,14,1374,1365,5,0,5,5,1379,1370
125763,2001,1230,40,1270,1246,420,408,828,622,2098,1868
125897,2001,855,334,1189,986,50,165,215,113,1404,1099
126012,2001,,,0,0,270,0,270,270,270,270
126030,2001,,,0,0,225,235,460,353,460,353
126049,2001,,,0,0,424,188,612,527,612,527
126076,2001,97,,97,97,0,0,0,0,97,97
126119,2001,3468,6734,10202,6142,0,0,0,0,10202,6142
126164,2001,45,17,62,52,0,0,0,0,62,52
126182,2001,1750,414,2164,1917,215,5447,5662,2185,7826,4102
126207,2001,2126,4742,6868,4009,0,0,0,0,6868,4009
126261,2001,51,44,95,68,0,0,0,0,95,68
126289,2001,1953,5315,7268,4063,0,0,0,0,7268,4063
126359,2001,629,,629,629,0,0,0,0,629,629
126401,2001,670,589,1259,904,0,0,0,0,1259,904
126410,2001,248,,248,248,0,0,0,0,248,248
126562,2001,4774,4016,8790,6395,1661,4553,6214,3308,15004,9703
126571,2001,353,28,381,364,1160,982,2142,1549,2523,1913
126580,2001,3916,1434,5350,4495,414,2216,2630,1216,7980,5711
126605,2001,1301,,1301,1301,0,0,0,0,1301,1301
126614,2001,21602,2643,24245,22669,2077,3741,5818,3431,30063,26100
126669,2001,1278,485,1763,1469,78,8,86,81,1849,1550
126678,2001,1921,13,1934,1926,18,0,18,18,1952,1944
126687,2001,500,,500,500,0,0,0,0,500,500
126702,2001,1820,401,2221,1978,0,0,0,0,2221,1978
126711,2001,1232,5386,6618,3371,0,0,0,0,6618,3371
126748,2001,459,1650,2109,1114,0,0,0,0,2109,1114
126775,2001,2463,489,2952,2660,433,320,753,549,3705,3209
126784,2001,83,,83,83,0,0,0,0,83,83
126818,2001,18644,4795,23439,20579,2285,2379,4664,3145,28103,23724
126827,2001,314,1008,1322,710,310,48,358,328,1680,1038
126854,2001,87,,87,87,0,0,0,0,87,87
126863,2001,1154,3704,4858,2625,0,0,0,0,4858,2625
126872,2001,289,,289,289,0,0,0,0,289,289
126915,2001,215,1827,2042,828,0,0,0,0,2042,828
126924,2001,154,,154,154,0,0,0,0,154,154
126942,2001,1839,4670,6509,3693,0,0,0,0,6509,3693
126951,2001,568,,568,568,0,0,0,0,568,568
126979,2001,,,0,0,227,509,736,436,736,436
127024,2001,706,252,958,805,18,0,18,18,976,823
127042,2001,163,322,485,289,0,0,0,0,485,289
127060,2001,3641,469,4110,3825,2830,2445,5275,3772,9385,7597
127158,2001,1921,9922,11843,5252,0,0,0,0,11843,5252
127185,2001,4061,368,4429,4210,0,0,0,0,4429,4210
127200,2001,4197,9314,13511,7895,0,0,0,0,13511,7895
127219,2001,14,17,31,21,0,0,0,0,31,21
127228,2001,101,,101,101,0,0,0,0,101,101
127273,2001,,,0,0,147,165,312,220,312,220
127316,2001,91,121,212,139,0,0,0,0,212,139
127389,2001,468,527,995,677,0,0,0,0,995,677
127556,2001,3945,1308,5253,4473,7,42,49,22,5302,4495
127565,2001,10356,8089,18445,13620,0,0,0,0,18445,13620
127617,2001,339,1442,1781,912,0,0,0,0,1781,912
127653,2001,339,92,431,375,404,228,632,491,1063,866
127680,2001,106,112,218,150,0,0,0,0,218,150
127699,2001,71,63,134,96,0,0,0,0,134,96
127714,2001,231,232,463,322,0,0,0,0,463,322
127732,2001,976,2792,3768,2085,0,0,0,0,3768,2085
127741,2001,9136,1025,10161,9550,922,1218,2140,1363,12301,10913
127778,2001,837,567,1404,1062,0,0,0,0,1404,1062
127787,2001,267,26,293,277,0,0,0,0,293,277
127796,2001,3,3,6,4,0,0,0,0,6,4
127820,2001,3059,6713,9772,5724,0,0,0,0,9772,5724
127839,2001,330,,330,330,0,0,0,0,330,330
127884,2001,1714,3152,4866,2966,0,0,0,0,4866,2966
127909,2001,1928,4986,6914,3908,0,0,0,0,6914,3908
127918,2001,1736,3611,5347,3155,484,4238,4722,2103,10069,5258
127945,2001,335,84,419,368,0,0,0,0,419,368
127954,2001,50,,50,50,25,0,25,25,75,75
128036,2001,213,729,942,458,0,0,0,0,942,458
128106,2001,3351,2123,5474,4208,67,65,132,91,5606,4299
128151,2001,412,328,740,522,0,0,0,0,740,522
128179,2001,384,,384,384,0,0,0,0,384,384
128188,2001,189,,189,189,0,0,0,0,189,189
128203,2001,105,,105,105,0,0,0,0,105,105
128258,2001,925,1054,1979,1343,0,0,0,0,1979,1343
128328,2001,4365,,4365,4365,0,0,0,0,4365,4365
128337,2001,65,,65,65,0,0,0,0,65,65
128391,2001,2110,198,2308,2190,0,0,0,0,2308,2190
128425,2001,23,1,24,23,0,0,0,0,24,23
128498,2001,1727,145,1872,1784,300,97,397,337,2269,2121
128540,2001,30,42,72,47,0,0,0,0,72,47
128577,2001,409,1314,1723,931,0,0,0,0,1723,931
128586,2001,61,,61,61,0,0,0,0,61,61
128674,2001,382,222,604,470,0,0,0,0,604,470
128683,2001,300,211,511,384,0,0,0,0,511,384
128726,2001,84,60,144,108,0,0,0,0,144,108
128744,2001,870,311,1181,992,980,1001,1981,1363,3162,2355
128762,2001,123,,123,123,0,0,0,0,123,123
128771,2001,6636,2915,9551,7812,497,2320,2817,1336,12368,9148
128780,2001,,1496,1496,604,0,0,0,0,1496,604
128896,2001,30,268,298,136,0,0,0,0,298,136
128902,2001,1755,80,1835,1786,23,21,44,31,1879,1817
128957,2001,58,104,162,99,0,0,0,0,162,99
129002,2001,179,,179,179,0,0,0,0,179,179
129020,2001,13085,965,14050,13474,3211,2615,5826,4205,19876,17679
129154,2001,471,23,494,480,0,0,0,0,494,480
129181,2001,332,89,421,367,0,0,0,0,421,367
129215,2001,3574,1444,5018,4157,43,276,319,143,5337,4300
129242,2001,3399,765,4164,3700,153,837,990,473,5154,4173
129349,2001,45,70,115,73,0,0,0,0,115,73
129367,2001,640,2489,3129,1628,0,0,0,0,3129,1628
129428,2001,,,0,0,88,1462,1550,647,1550,647
129446,2001,32,23,55,41,0,0,0,0,55,41
129482,2001,208,,208,208,0,0,0,0,208,208
129491,2001,,,0,0,17,130,147,67,147,67
129525,2001,4284,1141,5425,4732,479,940,1419,838,6844,5570
129534,2001,9,29,38,20,67,145,212,122,250,142
129543,2001,1068,3179,4247,2330,0,0,0,0,4247,2330
129613,2001,513,22,535,522,0,0,0,0,535,522
129640,2001,73,,73,73,0,0,0,0,73,73
129686,2001,66,102,168,106,0,0,0,0,168,106
129695,2001,1872,3533,5405,3275,0,0,0,0,5405,3275
129729,2001,1774,3449,5223,3143,0,0,0,0,5223,3143
129756,2001,614,1706,2320,1291,0,0,0,0,2320,1291
129774,2001,588,120,708,635,0,0,0,0,708,635
129808,2001,858,2614,3472,1896,0,0,0,0,3472,1896
129923,2001,203,,203,203,0,0,0,0,203,203
129932,2001,195,,195,195,0,0,0,0,195,195
129941,2001,1696,836,2532,2024,696,1001,1697,1078,4229,3102
129969,2001,88,,88,88,0,0,0,0,88,88
130004,2001,1663,3906,5569,3214,0,0,0,0,5569,3214
130040,2001,402,1207,1609,881,0,0,0,0,1609,881
130110,2001,160,124,284,209,0,0,0,0,284,209
130129,2001,25,56,81,47,0,0,0,0,81,47
130147,2001,109,,109,109,0,0,0,0,109,109
130174,2001,442,385,827,595,0,0,0,0,827,595
130183,2001,614,736,1350,903,0,0,0,0,1350,903
130208,2001,53,6,59,55,0,0,0,0,59,55
130217,2001,467,1034,1501,878,0,0,0,0,1501,878
130226,2001,4585,471,5056,4770,931,688,1619,1235,6675,6005
130253,2001,2837,1294,4131,3345,420,1402,1822,956,5953,4301
130271,2001,20,,20,20,0,0,0,0,20,20
130314,2001,705,582,1287,934,99,553,652,310,1939,1244
130396,2001,1228,3496,4724,2616,0,0,0,0,4724,2616
130448,2001,39,278,317,149,0,0,0,0,317,149
130493,2001,6295,2021,8316,7111,764,3174,3938,1912,12254,9023
130509,2001,83,73,156,112,0,0,0,0,156,112
130527,2001,4,4,8,6,0,0,0,0,8,6
130581,2001,,,0,0,129,0,129,129,129,129
130590,2001,1882,192,2074,1957,9,173,182,75,2256,2032
130606,2001,1049,2671,3720,2110,0,0,0,0,3720,2110
130624,2001,897,,897,897,0,0,0,0,897,897
130697,2001,2776,16,2792,2782,187,258,445,286,3237,3068
130776,2001,3583,1497,5080,4187,29,809,838,322,5918,4509
130785,2001,,,0,0,12,0,12,12,12,12
130794,2001,5253,33,5286,5266,5756,94,5850,5796,11136,11062
130837,2001,42,,42,42,0,0,0,0,42,42
130873,2001,65,15,80,71,0,0,0,0,80,71
130891,2001,1417,2131,3548,2263,0,0,0,0,3548,2263
130907,2001,641,1363,2004,1182,0,0,0,0,2004,1182
130916,2001,2355,4311,6666,4067,0,0,0,0,6666,4067
130934,2001,2403,681,3084,2678,96,163,259,155,3343,2833
130943,2001,15189,2818,18007,16326,2171,771,2942,2450,20949,18776
130989,2001,736,389,1125,889,14,184,198,84,1323,973
131061,2001,60,31,91,72,0,0,0,0,91,72
131098,2001,1597,318,1915,1722,27,76,103,56,2018,1778
131113,2001,1556,2160,3716,2405,446,1667,2113,1083,5829,3488
131159,2001,5322,528,5850,5529,2534,2308,4842,3467,10692,8996
131283,2001,2384,203,2587,2464,1397,1526,2923,2032,5510,4496
131308,2001,335,37,372,350,0,0,0,0,372,350
131399,2001,1751,3389,5140,3119,71,245,316,160,5456,3279
131405,2001,,,0,0,60,21,81,69,81,69
131450,2001,1125,75,1200,1154,297,86,383,330,1583,1484
131469,2001,8711,1352,10063,9242,5465,6656,12121,8050,22184,17292
131496,2001,6191,231,6422,6282,5205,1061,6266,5627,12688,11909
131511,2001,74,,74,74,0,0,0,0,74,74
131520,2001,6472,499,6971,6668,2752,1281,4033,3255,11004,9923
131566,2001,16,111,127,60,0,0,0,0,127,60
131742,2001,908,,908,908,0,0,0,0,908,908
131788,2001,126,387,513,278,216,253,469,313,982,591
131803,2001,2516,9157,11673,6113,1280,1056,2336,1683,14009,7796
131830,2001,41,,41,41,0,0,0,0,41,41
131876,2001,566,364,930,709,75,405,480,230,1410,939
131973,2001,,,0,0,124,313,437,279,437,279
132268,2001,387,,387,387,0,0,0,0,387,387
132338,2001,2283,1228,3511,2765,0,0,0,0,3511,2765
132374,2001,770,,770,770,0,0,0,0,770,770
132408,2001,454,121,575,502,0,0,0,0,575,502
132471,2001,3276,2631,5907,4310,1184,1600,2784,1811,8691,6121
132523,2001,,,0,0,20,0,20,20,20,20
132602,2001,2529,195,2724,2606,0,0,0,0,2724,2606
132657,2001,1522,299,1821,1639,23,162,185,85,2006,1724
132666,2001,23,26,49,33,0,0,0,0,49,33
132675,2001,241,80,321,268,0,0,0,0,321,268
132693,2001,4623,9057,13680,8219,0,0,0,0,13680,8219
132709,2001,8802,20218,29020,16830,0,0,0,0,29020,16830
132806,2001,237,,237,237,0,0,0,0,237,237
132842,2001,72,72,144,100,358,108,466,399,610,499
132851,2001,2110,3598,5708,3539,0,0,0,0,5708,3539
132879,2001,190,23,213,199,0,0,0,0,213,199
132903,2001,22065,8116,30181,25340,2099,3570,5669,3390,35850,28730
132958,2001,124,,124,124,0,0,0,0,124,124
132976,2001,323,396,719,480,0,0,0,0,719,480
133021,2001,854,932,1786,1224,0,0,0,0,1786,1224
133085,2001,709,23,732,718,0,0,0,0,732,718
133155,2001,459,375,834,585,0,0,0,0,834,585
133261,2001,203,,203,203,0,0,0,0,203,203
133386,2001,4571,6633,11204,7205,0,0,0,0,11204,7205
133465,2001,240,134,374,293,0,0,0,0,374,293
133492,2001,1557,25,1582,1567,0,0,0,0,1582,1567
133508,2001,3532,5525,9057,5726,0,0,0,0,9057,5726
133526,2001,1284,36,1320,1298,0,0,0,0,1320,1298
133553,2001,4156,485,4641,4347,116,164,280,179,4921,4526
133650,2001,9513,1340,10853,10054,1081,382,1463,1225,12316,11279
133669,2001,9903,9400,19303,13696,1232,2810,4042,2248,23345,15944
133702,2001,5339,16782,22121,12002,0,0,0,0,22121,12002
133711,2001,1805,47,1852,1823,0,0,0,0,1852,1823
133739,2001,415,,415,415,0,0,0,0,415,415
133809,2001,536,24,560,545,0,0,0,0,560,545
133845,2001,512,,512,512,0,0,0,0,512,512
133854,2001,715,,715,715,0,0,0,0,715,715
133863,2001,460,,460,460,0,0,0,0,460,460
133872,2001,408,338,746,541,0,0,0,0,746,541
133881,2001,2032,159,2191,2094,420,1798,2218,1107,4409,3201
133942,2001,43,,43,43,0,0,0,0,43,43
133951,2001,15144,10827,25971,19513,2410,3346,5756,3620,31727,23133
133960,2001,251,1349,1600,787,0,0,0,0,1600,787
133979,2001,1879,275,2154,1987,0,0,0,0,2154,1987
133997,2001,820,12,832,825,0,0,0,0,832,825
134079,2001,1752,696,2448,2025,0,48,48,18,2496,2043
134097,2001,23996,4235,28231,25705,4319,2432,6751,5200,34982,30905
134112,2001,666,,666,666,0,0,0,0,666,666
134121,2001,213,,213,213,0,0,0,0,213,213
134130,2001,29923,3716,33639,31423,10016,2860,12876,11169,46515,42592
134149,2001,1401,1296,2697,1910,6,118,124,51,2821,1961
134228,2001,12,,12,12,0,0,0,0,12,12
134237,2001,2764,24,2788,2774,0,0,0,0,2788,2774
134291,2001,420,109,529,463,0,0,0,0,529,463
134307,2001,161,154,315,222,0,0,0,0,315,222
134343,2001,1996,3769,5765,3493,0,0,0,0,5765,3493
134422,2001,140,5,145,142,0,0,0,0,145,142
134495,2001,5787,13354,19141,11089,0,0,0,0,19141,11089
134510,2001,102,43,145,119,0,0,0,0,145,119
134574,2001,208,115,323,254,0,0,0,0,323,254
134608,2001,2784,11308,14092,7274,0,0,0,0,14092,7274
134680,2001,1206,482,1688,1395,0,0,0,0,1688,1395
134714,2001,11,84,95,44,0,0,0,0,95,44
134811,2001,1011,35,1046,1025,54,0,54,54,1100,1079
134875,2001,227,,227,227,0,0,0,0,227,227
134909,2001,649,,649,649,0,0,0,0,649,649
134945,2001,1760,453,2213,1938,85,221,306,169,2519,2107
135063,2001,148,437,585,320,0,0,0,0,585,320
135081,2001,2852,314,3166,2977,0,0,0,0,3166,2977
135124,2001,7,,7,7,0,0,0,0,7,7
135142,2001,140,547,687,357,0,0,0,0,687,357
135160,2001,1051,1267,2318,1554,0,0,0,0,2318,1554
135179,2001,519,60,579,543,0,0,0,0,579,543
135188,2001,865,2016,2881,1665,0,0,0,0,2881,1665
135267,2001,413,528,941,623,0,0,0,0,941,623
135276,2001,680,409,1089,842,0,0,0,0,1089,842
135294,2001,1963,4447,6410,3729,0,0,0,0,6410,3729
135337,2001,94,75,169,124,0,0,0,0,169,124
135364,2001,92,274,366,200,157,512,669,359,1035,559
135391,2001,3144,5225,8369,5219,0,0,0,0,8369,5219
135407,2001,2305,330,2635,2436,0,0,0,0,2635,2436
135416,2001,149,,149,149,0,0,0,0,149,149
135434,2001,658,88,746,693,0,0,0,0,746,693
135522,2001,835,3330,4165,2157,0,0,0,0,4165,2157
135610,2001,221,88,309,256,24,44,68,41,377,297
135647,2001,1210,660,1870,1472,0,0,0,0,1870,1472
135717,2001,12750,38967,51717,28222,0,0,0,0,51717,28222
135726,2001,8618,741,9359,8909,4269,808,5077,4589,14436,13498
135735,2001,1264,1086,2350,1695,0,0,0,0,2350,1695
135771,2001,932,,932,932,0,0,0,0,932,932
135939,2001,1229,,1229,1229,0,0,0,0,1229,1229
135957,2001,471,,471,471,0,0,0,0,471,471
136011,2001,618,,618,618,0,0,0,0,618,618
136048,2001,125,,125,125,0,0,0,0,125,125
136066,2001,1364,,1364,1364,0,0,0,0,1364,1364
136075,2001,147,,147,147,0,0,0,0,147,147
136109,2001,46,,46,46,0,0,0,0,46,46
136145,2001,510,693,1203,785,0,0,0,0,1203,785
136172,2001,7205,3929,11134,8791,490,1368,1858,985,12992,9776
136206,2001,775,188,963,849,0,0,0,0,963,849
136215,2001,2352,1660,4012,3004,6392,8655,15047,9730,19059,12734
136233,2001,2188,4686,6874,4049,0,0,0,0,6874,4049
136288,2001,1227,1341,2568,1754,10,89,99,44,2667,1798
136303,2001,307,262,569,395,0,0,0,0,569,395
136330,2001,1967,249,2216,2065,190,178,368,259,2584,2324
136358,2001,5992,14117,20109,11597,0,0,0,0,20109,11597
136400,2001,1831,3794,5625,3337,0,0,0,0,5625,3337
136473,2001,4380,6298,10678,6881,0,0,0,0,10678,6881
136491,2001,1312,,1312,1312,0,0,0,0,1312,1312
136516,2001,1755,4138,5893,3398,0,0,0,0,5893,3398
136631,2001,59,,59,59,0,0,0,0,59,59
136659,2001,147,98,245,186,0,0,0,0,245,186
136701,2001,,,0,0,92,14,106,97,106,97
136738,2001,328,,328,328,0,0,0,0,328,328
136747,2001,202,,202,202,0,0,0,0,202,202
136765,2001,364,58,422,387,0,0,0,0,422,387
136774,2001,951,18,969,958,0,0,0,0,969,958
136783,2001,62,5,67,64,0,0,0,0,67,64
136826,2001,575,822,1397,901,0,0,0,0,1397,901
136853,2001,139,,139,139,0,0,0,0,139,139
136862,2001,41,,41,41,0,0,0,0,41,41
136871,2001,75,,75,75,0,0,0,0,75,75
136941,2001,25,,25,25,0,0,0,0,25,25
136950,2001,2392,580,2972,2620,270,475,745,451,3717,3071
136996,2001,50,,50,50,0,0,0,0,50,50
137023,2001,288,461,749,443,0,0,0,0,749,443
137032,2001,5804,3880,9684,7328,204,43,247,220,9931,7548
137078,2001,6149,14585,20734,11940,0,0,0,0,20734,11940
137087,2001,825,1190,2015,1297,0,0,0,0,2015,1297
137096,2001,6099,7125,13224,8928,0,0,0,0,13224,8928
137120,2001,330,30,360,342,0,0,0,0,360,342
137148,2001,,11,11,4,843,667,1510,1098,1521,1102
137209,2001,3988,6577,10565,6599,0,0,0,0,10565,6599
137245,2001,744,,744,744,0,0,0,0,744,744
137272,2001,65,3,68,66,7,0,7,7,75,73
137281,2001,1413,2570,3983,2433,0,0,0,0,3983,2433
137315,2001,969,1289,2258,1481,0,0,0,0,2258,1481
137351,2001,18001,10768,28769,22346,3474,4978,8452,5275,37221,27621
137421,2001,19,7,26,22,0,0,0,0,26,22
137476,2001,1091,195,1286,1168,652,465,1117,831,2403,1999
137537,2001,276,,276,276,0,0,0,0,276,276
137546,2001,2063,111,2174,2107,794,287,1081,908,3255,3015
137564,2001,1246,117,1363,1292,0,0,0,0,1363,1292
137591,2001,139,,139,139,0,0,0,0,139,139
137625,2001,130,,130,130,0,0,0,0,130,130
137713,2001,100,41,141,116,0,0,0,0,141,116
137759,2001,5361,5785,11146,7658,0,0,0,0,11146,7658
137777,2001,32,,32,32,10,0,10,10,42,42
137801,2001,517,472,989,702,11,60,71,34,1060,736
137810,2001,297,411,708,458,10,87,97,43,805,501
137847,2001,2862,466,3328,3045,138,355,493,274,3821,3319
137856,2001,253,273,526,361,0,0,0,0,526,361
137865,2001,295,138,433,350,0,0,0,0,433,350
137892,2001,652,,652,652,0,0,0,0,652,652
137953,2001,344,56,400,366,0,0,0,0,400,366
137962,2001,137,25,162,147,0,0,0,0,162,147
138132,2001,9,37,46,24,0,0,0,0,46,24
138187,2001,10639,18668,29307,18051,0,0,0,0,29307,18051
138275,2001,967,115,1082,1012,35,0,35,35,1117,1047
138284,2001,310,301,611,430,0,0,0,0,611,430
138293,2001,386,65,451,412,34,13,47,39,498,451
138309,2001,338,,338,338,0,0,0,0,338,338
138336,2001,200,,200,200,0,0,0,0,200,200
138354,2001,5002,2420,7422,5979,394,1236,1630,841,9052,6820
138372,2001,560,568,1128,751,0,0,0,0,1128,751
138479,2001,878,,878,878,0,0,0,0,878,878
138488,2001,210,514,724,414,0,0,0,0,724,414
138497,2001,254,179,433,325,0,0,0,0,433,325
138558,2001,1826,1029,2855,2235,0,0,0,0,2855,2235
138594,2001,800,,800,800,0,0,0,0,800,800
138600,2001,830,39,869,845,11,5,16,13,885,858
138655,2001,118,47,165,137,0,0,0,0,165,137
138664,2001,50,9,59,54,0,0,0,0,59,54
138682,2001,1319,1544,2863,1932,0,0,0,0,2863,1932
138691,2001,1364,1815,3179,2085,0,0,0,0,3179,2085
138716,2001,2459,556,3015,2683,114,327,441,232,3456,2915
138725,2001,1140,230,1370,1230,0,0,0,0,1370,1230
138761,2001,354,22,376,363,0,0,0,0,376,363
138789,2001,2913,2148,5061,3780,251,435,686,408,5747,4188
138813,2001,2132,305,2437,2252,0,0,0,0,2437,2252
138822,2001,178,,178,178,0,0,0,0,178,178
138840,2001,1689,1954,3643,2465,0,0,0,0,3643,2465
138868,2001,353,56,409,375,0,0,0,0,409,375
138877,2001,354,34,388,367,0,0,0,0,388,367
138901,2001,777,1140,1917,1230,0,0,0,0,1917,1230
138938,2001,103,121,224,151,0,0,0,0,224,151
138947,2001,3795,128,3923,3845,495,464,959,672,4882,4517
138956,2001,1934,1777,3711,2640,0,0,0,0,3711,2640
138983,2001,3069,1611,4680,3719,195,507,702,378,5382,4097
139010,2001,555,1176,1731,1022,0,0,0,0,1731,1022
139074,2001,680,,680,680,0,0,0,0,680,680
139092,2001,69,,69,69,0,0,0,0,69,69
139126,2001,747,650,1397,1005,0,0,0,0,1397,1005
139144,2001,1808,38,1846,1823,29,163,192,91,2038,1914
139153,2001,228,329,557,357,0,0,0,0,557,357
139199,2001,985,453,1438,1163,212,601,813,442,2251,1605
139205,2001,970,249,1219,1068,0,0,0,0,1219,1068
139214,2001,73,143,216,130,0,0,0,0,216,130
139250,2001,618,1592,2210,1250,0,0,0,0,2210,1250
139278,2001,798,1841,2639,1529,0,0,0,0,2639,1529
139311,2001,2093,2581,4674,3135,0,0,0,0,4674,3135
139348,2001,,,0,0,188,77,265,222,265,222
139357,2001,1452,1579,3031,2079,0,0,0,0,3031,2079
139366,2001,2992,1626,4618,3648,218,679,897,464,5515,4112
139384,2001,1232,1932,3164,1999,0,0,0,0,3164,1999
139393,2001,1149,30,1179,1161,60,6,66,62,1245,1223
139463,2001,1457,2184,3641,2338,0,0,0,0,3641,2338
139506,2001,35,20,55,43,0,0,0,0,55,43
139533,2001,2331,594,2925,2564,0,0,0,0,2925,2564
139579,2001,412,123,535,460,0,0,0,0,535,460
139621,2001,767,626,1393,1016,0,0,0,0,1393,1016
139630,2001,709,53,762,730,0,0,0,0,762,730
139658,2001,6248,126,6374,6297,4334,735,5069,4628,11443,10925
139700,2001,1286,1114,2400,1728,0,0,0,0,2400,1728
139719,2001,1918,280,2198,2031,80,207,287,155,2485,2186
139746,2001,80,,80,80,0,0,0,0,80,80
139755,2001,10163,880,11043,10518,3714,818,4532,4010,15575,14528
139764,2001,1448,499,1947,1649,102,486,588,278,2535,1927
139773,2001,1932,1753,3685,2628,0,0,0,0,3685,2628
139861,2001,3366,717,4083,3655,255,741,996,523,5079,4178
139898,2001,685,,685,685,0,0,0,0,685,685
139904,2001,800,218,1018,887,0,0,0,0,1018,887
139931,2001,11381,1417,12798,11953,399,1174,1573,824,14371,12777
139940,2001,11594,6647,18241,14276,3689,3813,7502,5106,25743,19382
139959,2001,22290,2539,24829,23315,5387,2101,7488,6158,32317,29473
139968,2001,2165,909,3074,2526,0,0,0,0,3074,2526
139986,2001,1327,2529,3856,2331,0,0,0,0,3856,2331
139995,2001,234,14,248,240,0,0,0,0,248,240
140003,2001,132,121,253,180,0,0,0,0,253,180
140012,2001,1657,2434,4091,2623,0,0,0,0,4091,2623
140076,2001,449,858,1307,790,0,0,0,0,1307,790
140085,2001,1156,1332,2488,1685,0,0,0,0,2488,1685
140146,2001,,,0,0,304,146,450,376,450,376
140164,2001,7112,5309,12421,9254,476,1043,1519,853,13940,10107
140191,2001,222,22,244,231,0,0,0,0,244,231
140234,2001,759,143,902,815,26,14,40,31,942,846
140243,2001,758,1330,2088,1286,0,0,0,0,2088,1286
140252,2001,249,48,297,268,1842,550,2392,2140,2689,2408
140304,2001,2038,2817,4855,3157,0,0,0,0,4855,3157
140322,2001,1740,2745,4485,2848,0,0,0,0,4485,2848
140331,2001,1858,3183,5041,3122,0,0,0,0,5041,3122
140340,2001,275,55,330,297,0,0,0,0,330,297
140401,2001,616,53,669,637,1176,94,1270,1210,1939,1847
140447,2001,3961,779,4740,4267,1628,947,2575,2002,7315,6269
140474,2001,19,22,41,28,0,0,0,0,41,28
140483,2001,1406,757,2163,1707,0,0,0,0,2163,1707
140553,2001,2576,153,2729,2636,0,0,0,0,2729,2636
140562,2001,,,0,0,202,10,212,206,212,206
140571,2001,2792,82,2874,2824,0,0,0,0,2874,2824
140599,2001,768,976,1744,1156,0,0,0,0,1744,1156
140669,2001,2775,651,3426,3038,96,336,432,218,3858,3256
140678,2001,888,781,1669,1198,0,0,0,0,1669,1198
140696,2001,902,212,1114,985,21,62,83,45,1197,1030
140711,2001,49,,49,49,0,0,0,0,49,49
140720,2001,746,142,888,802,0,0,0,0,888,802
140809,2001,300,719,1019,585,0,0,0,0,1019,585
140818,2001,847,179,1026,917,188,514,702,384,1728,1301
140827,2001,239,,239,239,0,0,0,0,239,239
140872,2001,937,146,1083,994,0,0,0,0,1083,994
140942,2001,1469,1666,3135,2130,0,0,0,0,3135,2130
140951,2001,4221,486,4707,4412,555,76,631,584,5338,4996
140960,2001,1573,590,2163,1811,55,51,106,73,2269,1884
140988,2001,2151,50,2201,2171,52,0,52,52,2253,2223
140997,2001,704,621,1325,951,0,0,0,0,1325,951
141006,2001,797,935,1732,1168,0,0,0,0,1732,1168
141015,2001,189,13,202,194,0,0,0,0,202,194
141060,2001,2068,70,2138,2095,0,0,0,0,2138,2095
141097,2001,1800,1162,2962,2269,184,406,590,331,3552,2600
141121,2001,354,546,900,571,0,0,0,0,900,571
141158,2001,652,977,1629,1040,0,0,0,0,1629,1040
141167,2001,423,138,561,477,35,46,81,53,642,530
141185,2001,845,71,916,873,0,0,0,0,916,873
141228,2001,582,810,1392,904,0,0,0,0,1392,904
141237,2001,1414,333,1747,1546,0,0,0,0,1747,1546
141255,2001,1290,975,2265,1677,0,0,0,0,2265,1677
141264,2001,6197,1734,7931,6897,407,892,1299,730,9230,7627
141273,2001,808,1105,1913,1247,0,0,0,0,1913,1247
141307,2001,359,524,883,567,0,0,0,0,883,567
141325,2001,528,140,668,583,0,48,48,18,716,601
141334,2001,5985,1255,7240,6491,317,1469,1786,848,9026,7339
141361,2001,565,29,594,577,0,0,0,0,594,577
141468,2001,1034,126,1160,1084,0,0,0,0,1160,1084
141486,2001,1211,765,1976,1512,372,213,585,453,2561,1965
141565,2001,2181,543,2724,2400,59,130,189,106,2913,2506
141574,2001,9989,2065,12054,10822,2665,2813,5478,3684,17532,14506
141583,2001,181,52,233,202,0,0,0,0,233,202
141608,2001,46,,46,46,0,0,0,0,46,46
141644,2001,4262,2497,6759,5243,691,583,1274,914,8033,6157
141671,2001,54,,54,54,0,0,0,0,54,54
141680,2001,1783,2870,4653,2923,0,0,0,0,4653,2923
141796,2001,2923,4158,7081,4574,0,0,0,0,7081,4574
141802,2001,417,768,1185,722,0,0,0,0,1185,722
141811,2001,2697,2865,5562,3835,0,0,0,0,5562,3835
141839,2001,982,1717,2699,1664,0,0,0,0,2699,1664
141848,2001,136,,136,136,0,0,0,0,136,136
141857,2001,110,78,188,141,0,0,0,0,188,141
141936,2001,,,0,0,60,0,60,60,60,60
141945,2001,239,,239,239,0,0,0,0,239,239
141981,2001,305,435,740,481,0,0,0,0,740,481
141990,2001,738,816,1554,1062,0,0,0,0,1554,1062
142054,2001,402,31,433,414,0,0,0,0,433,414
142090,2001,94,15,109,100,0,0,0,0,109,100
142115,2001,9323,6163,15486,11810,382,1232,1614,828,17100,12638
142124,2001,62,,62,62,0,0,0,0,62,62
142160,2001,40,,40,40,0,0,0,0,40,40
142179,2001,320,281,601,432,0,0,0,0,601,432
142276,2001,7535,3632,11167,9001,870,1626,2496,1464,13663,10465
142285,2001,7904,1177,9081,8379,1304,1682,2986,1915,12067,10294
142294,2001,756,22,778,765,0,0,0,0,778,765
142328,2001,2014,939,2953,2393,0,0,0,0,2953,2393
142337,2001,382,,382,382,0,0,0,0,382,382
142407,2001,30,,30,30,0,0,0,0,30,30
142416,2001,57,,57,57,0,0,0,0,57,57
142443,2001,2453,1680,4133,3120,0,0,0,0,4133,3120
142461,2001,1027,69,1096,1054,182,92,274,217,1370,1271
142489,2001,35,,35,35,0,0,0,0,35,35
142522,2001,8654,546,9200,8868,0,0,0,0,9200,8868
142559,2001,2619,3537,6156,4023,0,0,0,0,6156,4023
142832,2001,,,0,0,124,284,408,233,408,233
142850,2001,6,23,29,15,0,0,0,0,29,15
142869,2001,18,14,32,24,0,0,0,0,32,24
142878,2001,17,14,31,23,0,0,0,0,31,23
142887,2001,272,88,360,307,0,0,0,0,360,307
142957,2001,2,9,11,6,0,0,0,0,11,6
143048,2001,1669,479,2148,1857,442,85,527,474,2675,2331
143075,2001,494,,494,494,0,0,0,0,494,494
143084,2001,2205,27,2232,2216,0,0,0,0,2232,2216
143118,2001,1035,288,1323,1148,402,1076,1478,813,2801,1961
143163,2001,373,198,571,451,26,55,81,47,652,498
143181,2001,50,,50,50,0,0,0,0,50,50
143215,2001,4446,8861,13307,7964,0,0,0,0,13307,7964
143233,2001,,,0,0,29,35,64,45,64,45
143279,2001,2878,3370,6248,4216,0,0,0,0,6248,4216
143288,2001,556,15,571,562,0,0,0,0,571,562
143297,2001,119,34,153,132,0,0,0,0,153,132
143303,2001,18,,18,18,0,0,0,0,18,18
143358,2001,4735,432,5167,4905,188,641,829,433,5996,5338
143376,2001,38,36,74,52,0,0,0,0,74,52
143464,2001,61,67,128,88,0,0,0,0,128,88
143473,2001,9,32,41,22,0,0,0,0,41,22
143482,2001,1,86,87,35,0,0,0,0,87,35
143491,2001,12,192,204,88,0,0,0,0,204,88
143507,2001,6,102,108,46,0,0,0,0,108,46
143516,2001,3,90,93,39,0,0,0,0,93,39
143534,2001,31,15,46,37,0,0,0,0,46,37
143543,2001,48,47,95,67,0,0,0,0,95,67
143552,2001,96,47,143,115,0,0,0,0,143,115
143613,2001,1198,2143,3341,2049,0,0,0,0,3341,2049
143659,2001,,,0,0,337,409,746,505,746,505
143695,2001,36,,36,36,0,0,0,0,36,36
143853,2001,347,5,352,349,1088,43,1131,1111,1483,1460
143880,2001,35,109,144,78,0,0,0,0,144,78
143941,2001,,,0,0,26,42,68,49,68,49
143978,2001,,,0,0,230,161,391,292,391,292
144005,2001,3159,1981,5140,3958,293,1646,1939,888,7079,4846
144014,2001,,,0,0,91,145,236,154,236,154
144050,2001,4049,26,4075,4059,6488,2320,8808,7376,12883,11435
144157,2001,2807,2564,5371,3825,0,0,0,0,5371,3825
144166,2001,4242,4277,8519,5940,0,0,0,0,8519,5940
144175,2001,2893,3495,6388,4281,0,0,0,0,6388,4281
144184,2001,1809,13775,15584,7278,0,0,0,0,15584,7278
144193,2001,3376,6692,10068,6033,0,0,0,0,10068,6033
144209,2001,2805,5141,7946,4846,0,0,0,0,7946,4846
144218,2001,2584,9649,12233,6415,0,0,0,0,12233,6415
144236,2001,53,,53,53,0,0,0,0,53,53
144281,2001,7372,1539,8911,7977,214,291,505,325,9416,8302
144351,2001,1043,315,1358,1167,97,492,589,285,1947,1452
144467,2001,597,321,918,724,0,0,0,0,918,724
144485,2001,273,265,538,378,0,0,0,0,538,378
144564,2001,1162,1423,2585,1727,0,0,0,0,2585,1727
144573,2001,48,,48,48,0,0,0,0,48,48
144704,2001,44,,44,44,0,0,0,0,44,44
144740,2001,9476,3544,13020,10868,4583,3760,8343,6057,21363,16925
144759,2001,2602,1409,4011,3156,0,0,0,0,4011,3156
144768,2001,2306,1237,3543,2792,0,0,0,0,3543,2792
144795,2001,40,,40,40,0,0,0,0,40,40
144838,2001,,,0,0,244,4,248,246,248,246
144856,2001,16,,16,16,0,0,0,0,16,16
144865,2001,9362,20061,29423,17327,0,0,0,0,29423,17327
144883,2001,1065,11,1076,1069,0,0,0,0,1076,1069
144892,2001,8203,912,9115,8571,517,899,1416,842,10531,9413
144944,2001,2442,7194,9636,5298,0,0,0,0,9636,5298
144962,2001,1949,461,2410,2130,0,130,130,50,2540,2180
144971,2001,506,8,514,509,0,0,0,0,514,509
145099,2001,22,,22,22,0,0,0,0,22,22
145239,2001,191,57,248,214,0,0,0,0,248,214
145275,2001,,,0,0,183,143,326,242,326,242
145309,2001,49,,49,49,0,0,0,0,49,49
145336,2001,871,2109,2980,1722,416,2464,2880,1307,5860,3029
145354,2001,46,4,50,48,0,0,0,0,50,48
145372,2001,1081,45,1126,1099,0,34,34,13,1160,1112
145406,2001,20,54,74,41,0,0,0,0,74,41
145424,2001,20,84,104,53,0,0,0,0,104,53
145433,2001,31,79,110,62,0,0,0,0,110,62
145460,2001,376,406,782,535,0,0,0,0,782,535
145497,2001,218,25,243,228,5,0,5,5,248,233
145521,2001,1000,1541,2541,1612,0,0,0,0,2541,1612
145558,2001,3,3,6,4,1261,82,1343,1292,1349,1296
145600,2001,14085,1802,15887,14812,6123,2945,9068,7198,24955,22010
145619,2001,1363,623,1986,1608,141,573,714,360,2700,1968
145628,2001,,,0,0,634,1,635,635,635,635
145637,2001,27624,1122,28746,28077,8092,2453,10545,8987,39291,37064
145646,2001,2056,8,2064,2059,0,0,0,0,2064,2059
145682,2001,4183,6900,11083,6923,0,0,0,0,11083,6923
145691,2001,858,16,874,864,0,0,0,0,874,864
145707,2001,769,848,1617,1106,0,0,0,0,1617,1106
145725,2001,1466,376,1842,1614,1980,2228,4208,2874,6050,4488
145761,2001,5,21,26,13,0,0,0,0,26,13
145770,2001,,,0,0,392,184,576,462,576,462
145813,2001,17032,1440,18472,17613,1030,1738,2768,1659,21240,19272
145831,2001,1499,2174,3673,2362,0,0,0,0,3673,2362
145886,2001,,,0,0,65,19,84,72,84,72
146010,2001,1716,347,2063,1852,0,0,0,0,2063,1852
146205,2001,2591,3955,6546,4161,0,0,0,0,6546,4161
146214,2001,48,,48,48,0,0,0,0,48,48
146241,2001,,,0,0,809,515,1324,1070,1324,1070
146278,2001,998,1113,2111,1440,0,0,0,0,2111,1440
146296,2001,3874,8215,12089,7136,0,0,0,0,12089,7136
146339,2001,835,250,1085,933,0,0,0,0,1085,933
146348,2001,1006,2158,3164,1863,0,0,0,0,3164,1863
146366,2001,1461,1636,3097,2111,0,0,0,0,3097,2111
146384,2001,,,0,0,717,2404,3121,1635,3121,1635
146393,2001,439,186,625,512,0,0,0,0,625,512
146418,2001,1674,2209,3883,2551,0,0,0,0,3883,2551
146427,2001,1110,33,1143,1123,0,0,0,0,1143,1123
146454,2001,32,,32,32,0,0,0,0,32,32
146472,2001,3353,9564,12917,7150,0,0,0,0,12917,7150
146481,2001,1242,18,1260,1249,2,15,17,8,1277,1257
146490,2001,,,0,0,0,771,771,295,771,295
146506,2001,2671,3431,6102,4033,0,0,0,0,6102,4033
146524,2001,6,,6,6,0,0,0,0,6,6
146533,2001,23,33,56,36,0,0,0,0,56,36
146603,2001,1920,5065,6985,3931,0,0,0,0,6985,3931
146612,2001,2139,1244,3383,2628,33,991,1024,412,4407,3040
146621,2001,40,1,41,40,0,0,0,0,41,40
146667,2001,547,123,670,595,100,139,239,159,909,754
146676,2001,939,185,1124,1012,0,0,0,0,1124,1012
146685,2001,2422,4461,6883,4193,0,0,0,0,6883,4193
146700,2001,688,,688,688,0,0,0,0,688,688
146719,2001,5446,2051,7497,6252,3000,2522,5522,3999,13019,10251
146728,2001,,,0,0,184,169,353,255,353,255
146755,2001,63,46,109,81,0,0,0,0,109,81
146791,2001,129,,129,129,0,0,0,0,129,129
146807,2001,41,38,79,56,0,0,0,0,79,56
146816,2001,260,254,514,361,0,0,0,0,514,361
146825,2001,603,52,655,623,0,0,0,0,655,623
146977,2001,,,0,0,278,93,371,326,371,326
147004,2001,1597,4150,5747,3245,0,0,0,0,5747,3245
147013,2001,1539,568,2107,1762,0,0,0,0,2107,1762
147031,2001,,,0,0,36,45,81,59,81,59
147129,2001,92,,92,92,0,0,0,0,92,92
147165,2001,174,129,303,225,0,0,0,0,303,225
147244,2001,2316,73,2389,2345,23,0,23,23,2412,2368
147332,2001,9,,9,9,0,0,0,0,9,9
147341,2001,1055,17,1072,1062,0,0,0,0,1072,1062
147369,2001,1399,,1399,1399,130,101,231,174,1630,1573
147378,2001,5304,8729,14033,8770,0,0,0,0,14033,8770
147396,2001,146,3,149,147,0,0,0,0,149,147
147411,2001,979,3349,4328,2309,0,0,0,0,4328,2309
147439,2001,86,7,93,89,0,0,0,0,93,89
147518,2001,26,22,48,35,0,0,0,0,48,35
147536,2001,2680,623,3303,2925,1490,3086,4576,2669,7879,5594
147590,2001,,125,125,49,524,0,524,524,649,573
147642,2001,41,113,154,86,0,0,0,0,154,86
147660,2001,1811,351,2162,1949,73,370,443,214,2605,2163
147679,2001,1252,321,1573,1378,148,606,754,385,2327,1763
147697,2001,,,0,0,151,106,257,203,257,203
147703,2001,15555,1913,17468,16327,2052,4263,6315,3598,23783,19925
147749,2001,442,330,772,573,0,0,0,0,772,573
147767,2001,7701,1466,9167,8277,6057,1776,7833,6736,17000,15013
147776,2001,4765,3617,8382,6225,350,2267,2617,1170,10999,7395
147800,2001,2923,7869,10792,6047,0,0,0,0,10792,6047
147819,2001,61,,61,61,0,0,0,0,61,61
147828,2001,1752,309,2061,1873,111,1178,1289,561,3350,2434
147916,2001,3961,4521,8482,5756,0,0,0,0,8482,5756
147970,2001,159,,159,159,0,0,0,0,159,159
148007,2001,1326,3102,4428,2558,0,0,0,0,4428,2558
148016,2001,533,21,554,541,0,0,0,0,554,541
148098,2001,15,29,44,27,0,0,0,0,44,27
148131,2001,1000,147,1147,1058,37,135,172,89,1319,1147
148140,2001,203,,203,203,0,0,0,0,203,203
148168,2001,18,,18,18,0,0,0,0,18,18
148177,2001,719,951,1670,1093,0,0,0,0,1670,1093
148256,2001,1457,1493,2950,2050,0,0,0,0,2950,2050
148292,2001,1048,2212,3260,1926,0,0,0,0,3260,1926
148335,2001,4716,603,5319,4953,0,0,0,0,5319,4953
148380,2001,2815,5727,8542,5089,0,0,0,0,8542,5089
148399,2001,133,224,357,222,0,0,0,0,357,222
148405,2001,818,238,1056,911,62,241,303,154,1359,1065
148487,2001,1882,2746,4628,2961,762,2100,2862,1564,7490,4525
148496,2001,957,232,1189,1048,186,1158,1344,628,2533,1676
148511,2001,132,16,148,138,675,445,1120,845,1268,983
148575,2001,112,31,143,124,0,16,16,6,159,130
148584,2001,1084,1615,2699,1718,159,1061,1220,564,3919,2282
148593,2001,58,2,60,59,0,0,0,0,60,59
148627,2001,1989,826,2815,2313,160,1941,2101,902,4916,3215
148654,2001,1219,1081,2300,1655,407,1581,1988,979,4288,2634
148672,2001,1059,1629,2688,1706,0,0,0,0,2688,1706
148724,2001,,,0,0,79,9,88,83,88,83
148821,2001,935,952,1887,1313,0,0,0,0,1887,1313
148849,2001,90,15,105,96,0,0,0,0,105,96
148876,2001,1404,410,1814,1565,0,0,0,0,1814,1565
148885,2001,,,0,0,254,0,254,254,254,254
148919,2001,13,,13,13,0,0,0,0,13,13
148937,2001,1079,1625,2704,1724,0,0,0,0,2704,1724
148955,2001,65,,65,65,0,0,0,0,65,65
148973,2001,38,,38,38,0,0,0,0,38,38
148982,2001,,,0,0,0,291,291,111,291,111
148991,2001,869,1040,1909,1282,0,0,0,0,1909,1282
149019,2001,265,115,380,311,0,0,0,0,380,311
149028,2001,53,24,77,62,0,0,0,0,77,62
149204,2001,42,,42,42,0,0,0,0,42,42
149222,2001,15044,1758,16802,15753,2178,2618,4796,3126,21598,18879
149231,2001,8032,1767,9799,8745,879,1764,2643,1517,12442,10262
149310,2001,108,,108,108,0,0,0,0,108,108
149329,2001,61,1,62,61,12,4,16,14,78,75
149365,2001,1890,4562,6452,3701,0,0,0,0,6452,3701
149505,2001,820,153,973,880,0,0,0,0,973,880
149514,2001,871,23,894,880,670,490,1160,875,2054,1755
149532,2001,3460,11388,14848,7982,0,0,0,0,14848,7982
149550,2001,51,23,74,60,0,0,0,0,74,60
149639,2001,78,74,152,107,6,72,78,34,230,141
149727,2001,2070,5820,7890,4381,0,0,0,0,7890,4381
149763,2001,51,16,67,57,0,0,0,0,67,57
149772,2001,9300,1455,10755,9887,759,1692,2451,1371,13206,11258
149781,2001,2336,50,2386,2356,262,196,458,337,2844,2693
149842,2001,4710,9804,14514,8603,0,0,0,0,14514,8603
150048,2001,307,197,504,385,0,0,0,0,504,385
150066,2001,1881,213,2094,1965,46,287,333,161,2427,2126
150075,2001,16,,16,16,0,0,0,0,16,16
150127,2001,13,,13,13,0,0,0,0,13,13
150136,2001,14729,1584,16313,15368,1060,1592,2652,1636,18965,17004
150145,2001,1129,412,1541,1291,5,114,119,49,1660,1340
150163,2001,3337,87,3424,3371,224,616,840,460,4264,3831
150172,2001,343,657,1000,601,0,0,0,0,1000,601
150215,2001,,,0,0,137,143,280,196,280,196
150251,2001,66,33,99,79,0,0,0,0,99,79
150288,2001,,,0,0,323,78,401,353,401,353
150303,2001,77,,77,77,0,0,0,0,77,77
150367,2001,228,323,551,355,0,0,0,0,551,355
150376,2001,410,240,650,504,0,0,0,0,650,504
150400,2001,2178,41,2219,2194,0,0,0,0,2219,2194
150428,2001,39,,39,39,0,0,0,0,39,39
150437,2001,35,32,67,48,0,0,0,0,67,48
150455,2001,1053,25,1078,1063,41,26,67,52,1145,1115
150525,2001,63,,63,63,0,0,0,0,63,63
150534,2001,2166,376,2542,2314,7,6,13,9,2555,2323
150561,2001,378,133,511,430,0,0,0,0,511,430
150604,2001,959,69,1028,986,0,0,0,0,1028,986
150640,2001,20,,20,20,0,0,0,0,20,20
150668,2001,851,135,986,904,0,0,0,0,986,904
150677,2001,1025,154,1179,1085,47,131,178,99,1357,1184
150695,2001,76,,76,76,0,0,0,0,76,76
150710,2001,86,,86,86,0,0,0,0,86,86
150756,2001,1100,11,1111,1104,0,0,0,0,1111,1104
150765,2001,23,12,35,28,0,0,0,0,35,28
150774,2001,528,30,558,540,0,0,0,0,558,540
150853,2001,27,34,61,40,0,0,0,0,61,40
150941,2001,814,142,956,870,3,30,33,14,989,884
150978,2001,865,2919,3784,2024,0,0,0,0,3784,2024
150987,2001,1982,5375,7357,4116,0,0,0,0,7357,4116
150996,2001,418,1182,1600,887,0,0,0,0,1600,887
151005,2001,1602,2450,4052,2575,0,0,0,0,4052,2575
151014,2001,581,1422,2003,1146,0,0,0,0,2003,1146
151023,2001,1499,2644,4143,2549,0,0,0,0,4143,2549
151032,2001,1194,2825,4019,2316,0,0,0,0,4019,2316
151041,2001,570,1465,2035,1152,0,0,0,0,2035,1152
151050,2001,1143,3147,4290,2393,0,0,0,0,4290,2393
151069,2001,1508,2302,3810,2422,0,0,0,0,3810,2422
151078,2001,258,1211,1469,739,0,0,0,0,1469,739
151087,2001,1472,3674,5146,2931,0,0,0,0,5146,2931
151096,2001,477,1018,1495,881,0,0,0,0,1495,881
151102,2001,5726,4555,10281,7564,61,786,847,345,11128,7909
151111,2001,11957,8738,20695,15483,3179,4465,7644,4866,28339,20349
151157,2001,184,57,241,207,0,0,0,0,241,207
151166,2001,660,152,812,720,0,0,0,0,812,720
151184,2001,104,64,168,129,0,0,0,0,168,129
151193,2001,145,64,209,170,0,0,0,0,209,170
151209,2001,183,98,281,222,0,0,0,0,281,222
151236,2001,214,68,282,241,0,0,0,0,282,241
151245,2001,113,42,155,130,0,0,0,0,155,130
151263,2001,2023,836,2859,2351,324,525,849,525,3708,2876
151290,2001,1481,1680,3161,2141,223,204,427,301,3588,2442
151306,2001,6777,2006,8783,7587,107,472,579,278,9362,7865
151324,2001,8396,1338,9734,8936,585,1002,1587,947,11321,9883
151333,2001,1176,1343,2519,1718,38,184,222,105,2741,1823
151342,2001,3157,2913,6070,4333,210,1137,1347,621,7417,4954
151351,2001,27879,2278,30157,28798,4885,2921,7806,5964,37963,34762
151360,2001,2067,1960,4027,2858,74,538,612,269,4639,3127
151379,2001,3069,2599,5668,4118,37,852,889,345,6557,4463
151388,2001,1126,1279,2405,1642,1,63,64,24,2469,1666
151458,2001,576,59,635,599,0,0,0,0,635,599
151467,2001,255,,255,255,0,0,0,0,255,255
151494,2001,557,3,560,558,0,0,0,0,560,558
151500,2001,504,5,509,506,0,0,0,0,509,506
151519,2001,792,6,798,794,14,14,28,19,826,813
151537,2001,69,,69,69,0,0,0,0,69,69
151564,2001,14,37,51,29,0,0,0,0,51,29
151607,2001,19,36,55,33,0,0,0,0,55,33
151616,2001,317,,317,317,0,0,0,0,317,317
151625,2001,385,,385,385,0,0,0,0,385,385
151652,2001,125,54,179,146,0,0,0,0,179,146
151661,2001,703,,703,703,0,0,0,0,703,703
151777,2001,1082,38,1120,1097,17,0,17,17,1137,1114
151786,2001,872,388,1260,1024,0,0,0,0,1260,1024
151801,2001,5099,622,5721,5343,2038,170,2208,2103,7929,7446
151810,2001,255,218,473,341,33,30,63,44,536,385
151829,2001,15,,15,15,0,0,0,0,15,15
151865,2001,,,0,0,56,106,162,103,162,103
151874,2001,183,,183,183,0,0,0,0,183,183
151944,2001,398,,398,398,0,0,0,0,398,398
151962,2001,51,,51,51,0,0,0,0,51,51
152044,2001,20,54,74,41,0,0,0,0,74,41
152080,2001,8193,15,8208,8199,2610,236,2846,2701,11054,10900
152099,2001,1169,265,1434,1273,104,200,304,182,1738,1455
152150,2001,12,14,26,18,0,0,0,0,26,18
152220,2001,536,,536,536,0,0,0,0,536,536
152248,2001,4482,3638,8120,5950,91,892,983,414,9103,6364
152266,2001,1917,1551,3468,2543,0,25,25,9,3493,2552
152275,2001,45,81,126,77,0,0,0,0,126,77
152309,2001,87,,87,87,0,0,0,0,87,87
152318,2001,1544,29,1573,1555,57,119,176,102,1749,1657
152327,2001,53,23,76,62,0,0,0,0,76,62
152336,2001,1115,369,1484,1260,42,157,199,102,1683,1362
152363,2001,788,126,914,837,0,0,0,0,914,837
152381,2001,391,993,1384,781,0,118,118,45,1502,826
152390,2001,1485,38,1523,1500,0,0,0,0,1523,1500
152415,2001,100,2,102,101,0,0,0,0,102,101
152424,2001,103,2,105,104,0,0,0,0,105,104
152451,2001,,,0,0,84,33,117,97,117,97
152497,2001,99,9,108,103,0,0,0,0,108,103
152530,2001,1825,31,1856,1837,0,0,0,0,1856,1837
152567,2001,1127,141,1268,1182,0,0,0,0,1268,1182
152600,2001,2687,186,2873,2760,476,184,660,554,3533,3314
152628,2001,35,16,51,41,0,0,0,0,51,41
152637,2001,5339,12946,18285,10479,0,0,0,0,18285,10479
152673,2001,840,9,849,844,0,0,0,0,849,844
152798,2001,182,51,233,202,13,13,26,18,259,220
152822,2001,633,254,887,734,0,0,0,0,887,734
152992,2001,724,245,969,820,0,0,0,0,969,820
153001,2001,2482,328,2810,2611,100,0,100,100,2910,2711
153038,2001,26,,26,26,0,0,0,0,26,26
153074,2001,86,,86,86,0,0,0,0,86,86
153083,2001,116,,116,116,0,0,0,0,116,116
153092,2001,10,,10,10,0,0,0,0,10,10
153108,2001,1375,50,1425,1395,0,0,0,0,1425,1395
153126,2001,771,281,1052,881,61,88,149,95,1201,976
153144,2001,1142,138,1280,1196,0,31,31,12,1311,1208
153162,2001,977,9,986,981,0,0,0,0,986,981
153171,2001,31,,31,31,0,0,0,0,31,31
153214,2001,5085,6801,11886,7785,0,0,0,0,11886,7785
153241,2001,76,,76,76,0,0,0,0,76,76
153250,2001,1331,65,1396,1357,9,55,64,30,1460,1387
153269,2001,2550,274,2824,2658,1173,1153,2326,1617,5150,4275
153278,2001,695,64,759,720,201,79,280,232,1039,952
153302,2001,256,28,284,267,0,0,0,0,284,267
153311,2001,3147,3184,6331,4411,0,0,0,0,6331,4411
153320,2001,337,35,372,351,30,85,115,63,487,414
153339,2001,33,,33,33,0,0,0,0,33,33
153366,2001,1276,1007,2283,1672,11,229,240,98,2523,1770
153375,2001,971,431,1402,1140,0,0,0,0,1402,1140
153384,2001,1301,37,1338,1316,0,0,0,0,1338,1316
153409,2001,286,,286,286,0,0,0,0,286,286
153418,2001,448,2,450,449,0,0,0,0,450,449
153427,2001,391,,391,391,0,0,0,0,391,391
153445,2001,2914,1542,4456,3526,0,0,0,0,4456,3526
153472,2001,2477,1449,3926,3052,0,0,0,0,3926,3052
153524,2001,2238,2329,4567,3163,0,0,0,0,4567,3163
153533,2001,1381,1481,2862,1969,0,0,0,0,2862,1969
153542,2001,13,,13,13,0,0,0,0,13,13
153588,2001,15,,15,15,0,0,0,0,15,15
153597,2001,83,,83,83,0,0,0,0,83,83
153603,2001,21232,1828,23060,21970,2732,2031,4763,3468,27823,25438
153621,2001,518,294,812,633,0,0,0,0,812,633
153630,2001,2152,2148,4300,3005,0,0,0,0,4300,3005
153658,2001,17188,2415,19603,18163,5474,3691,9165,6827,28768,24990
153737,2001,6726,5829,12555,9040,0,0,0,0,12555,9040
153746,2001,66,,66,66,0,0,0,0,66,66
153764,2001,112,,112,112,0,0,0,0,112,112
153773,2001,90,,90,90,0,0,0,0,90,90
153782,2001,45,,45,45,0,0,0,0,45,45
153825,2001,1527,109,1636,1570,8,114,122,52,1758,1622
153834,2001,2495,80,2575,2526,0,0,0,0,2575,2526
153861,2001,204,27,231,215,308,267,575,410,806,625
153922,2001,1354,682,2036,1625,0,0,0,0,2036,1625
153931,2001,344,56,400,366,41,225,266,127,666,493
153977,2001,248,195,443,325,0,0,0,0,443,325
154004,2001,744,106,850,786,0,146,146,56,996,842
154013,2001,919,468,1387,1103,0,0,0,0,1387,1103
154022,2001,401,78,479,432,0,0,0,0,479,432
154059,2001,1785,937,2722,2157,0,0,0,0,2722,2157
154095,2001,11208,1472,12680,11802,574,1156,1730,992,14410,12794
154101,2001,1243,44,1287,1260,0,0,0,0,1287,1260
154110,2001,1965,1650,3615,2620,0,0,0,0,3615,2620
154129,2001,477,540,1017,691,0,0,0,0,1017,691
154156,2001,66,1,67,66,1010,100,1110,1049,1177,1115
154165,2001,38,,38,38,0,0,0,0,38,38
154174,2001,49,13,62,54,1642,23,1665,1653,1727,1707
154208,2001,106,13,119,111,0,0,0,0,119,111
154235,2001,1755,516,2271,1958,325,695,1020,591,3291,2549
154262,2001,81,25,106,91,0,0,0,0,106,91
154332,2001,35,,35,35,0,0,0,0,35,35
154341,2001,91,,91,91,0,0,0,0,91,91
154350,2001,1305,483,1788,1495,2,26,28,12,1816,1507
154378,2001,1737,1098,2835,2173,0,0,0,0,2835,2173
154396,2001,660,538,1198,874,0,0,0,0,1198,874
154439,2001,5,,5,5,0,0,0,0,5,5
154448,2001,104,,104,104,0,0,0,0,104,104
154466,2001,45,,45,45,0,0,0,0,45,45
154484,2001,13,2,15,14,0,0,0,0,15,14
154493,2001,1981,2441,4422,2940,11,124,135,58,4557,2998
154509,2001,68,20,88,76,0,0,0,0,88,76
154518,2001,542,100,642,581,0,0,0,0,642,581
154527,2001,1562,87,1649,1596,0,0,0,0,1649,1596
154536,2001,,,0,0,159,13,172,164,172,164
154545,2001,35,,35,35,0,0,0,0,35,35
154572,2001,1834,3086,4920,3059,0,0,0,0,4920,3059
154590,2001,1378,169,1547,1444,0,0,0,0,1547,1444
154633,2001,32,,32,32,0,0,0,0,32,32
154642,2001,875,1275,2150,1381,0,0,0,0,2150,1381
154651,2001,202,,202,202,0,0,0,0,202,202
154688,2001,859,43,902,876,0,0,0,0,902,876
154697,2001,1084,3094,4178,2312,0,0,0,0,4178,2312
154712,2001,870,418,1288,1034,31,20,51,39,1339,1073
154721,2001,563,41,604,579,0,0,0,0,604,579
154749,2001,482,43,525,499,0,0,0,0,525,499
154767,2001,108,,108,108,0,0,0,0,108,108
154776,2001,325,1,326,325,0,0,0,0,326,325
154794,2001,,93,93,37,0,0,0,0,93,37
154800,2001,2733,5258,7991,4821,0,0,0,0,7991,4821
154819,2001,71,,71,71,0,0,0,0,71,71
154837,2001,6,13,19,11,63,43,106,84,125,95
154855,2001,277,37,314,292,0,0,0,0,314,292
154907,2001,855,2459,3314,1831,0,0,0,0,3314,1831
154925,2001,627,1171,1798,1092,0,0,0,0,1798,1092
154934,2001,781,1385,2166,1331,0,0,0,0,2166,1331
154943,2001,76,17,93,83,0,0,0,0,93,83
154952,2001,1708,2398,4106,2660,0,0,0,0,4106,2660
154970,2001,75,,75,75,0,0,0,0,75,75
154998,2001,751,1205,1956,1229,0,0,0,0,1956,1229
155007,2001,184,186,370,258,0,0,0,0,370,258
155025,2001,3695,592,4287,3934,240,1296,1536,709,5823,4643
155052,2001,145,185,330,218,0,0,0,0,330,218
155061,2001,3468,1097,4565,3911,238,823,1061,536,5626,4447
155070,2001,171,25,196,181,0,0,0,0,196,181
155089,2001,2216,413,2629,2378,512,49,561,531,3190,2909
155098,2001,739,926,1665,1107,0,0,0,0,1665,1107
155104,2001,911,1498,2409,1506,0,0,0,0,2409,1506
155140,2001,908,59,967,932,0,0,0,0,967,932
155159,2001,20,,20,20,0,0,0,0,20,20
155177,2001,389,56,445,411,0,0,0,0,445,411
155186,2001,762,1851,2613,1497,0,0,0,0,2613,1497
155195,2001,1798,1935,3733,2566,0,0,0,0,3733,2566
155201,2001,494,528,1022,704,0,0,0,0,1022,704
155210,2001,5540,12222,17762,10393,0,0,0,0,17762,10393
155265,2001,279,724,1003,522,0,0,0,0,1003,522
155283,2001,528,,528,528,0,0,0,0,528,528
155292,2001,1574,3666,5240,3030,0,0,0,0,5240,3030
155317,2001,17666,1985,19651,18467,2832,3299,6131,4028,25782,22495
155326,2001,346,63,409,371,1704,295,1999,1811,2408,2182
155335,2001,952,708,1660,1230,75,336,411,203,2071,1433
155353,2001,43,,43,43,0,0,0,0,43,43
155399,2001,16105,2665,18770,17180,1661,1965,3626,2372,22396,19552
155414,2001,490,232,722,581,31,31,62,43,784,624
155423,2001,179,839,1018,461,0,0,0,0,1018,461
155441,2001,31,17,48,38,0,0,0,0,48,38
155450,2001,564,928,1492,932,0,0,0,0,1492,932
155478,2001,171,1144,1315,625,0,0,0,0,1315,625
155487,2001,329,5,334,331,0,0,0,0,334,331
155496,2001,290,122,412,338,0,0,0,0,412,338
155511,2001,362,35,397,376,0,0,0,0,397,376
155520,2001,1154,136,1290,1207,149,244,393,242,1683,1449
155566,2001,670,902,1572,1028,0,0,0,0,1572,1028
155593,2001,401,,401,401,0,0,0,0,401,401
155609,2001,92,74,166,121,0,0,0,0,166,121
155618,2001,593,,593,593,0,0,0,0,593,593
155627,2001,486,14,500,491,0,0,0,0,500,491
155636,2001,228,225,453,316,61,695,756,327,1209,643
155681,2001,4868,603,5471,5111,349,903,1252,676,6723,5787
155715,2001,603,1433,2036,1172,0,0,0,0,2036,1172
155812,2001,337,147,484,395,14,274,288,119,772,514
155830,2001,219,94,313,256,0,0,0,0,313,256
155858,2001,703,1067,1770,1127,0,0,0,0,1770,1127
155867,2001,36,,36,36,0,0,0,0,36,36
155876,2001,83,229,312,174,0,0,0,0,312,174
155900,2001,583,594,1177,816,1,98,99,38,1276,854
155937,2001,439,22,461,448,0,0,0,0,461,448
155946,2001,87,13,100,92,0,0,0,0,100,92
155973,2001,406,165,571,471,4,17,21,10,592,481
156019,2001,152,,152,152,0,0,0,0,152,152
156082,2001,3089,2009,5098,3900,569,451,1020,736,6118,4636
156107,2001,541,1826,2367,1266,0,0,0,0,2367,1266
156125,2001,6731,4572,11303,8576,1148,2403,3551,2017,14854,10593
156134,2001,102,,102,102,0,0,0,0,102,102
156189,2001,539,26,565,549,0,0,0,0,565,549
156213,2001,1274,54,1328,1295,0,24,24,9,1352,1304
156222,2001,,,0,0,761,653,1414,1062,1414,1062
156231,2001,1124,1502,2626,1720,0,0,0,0,2626,1720
156240,2001,413,392,805,569,0,0,0,0,805,569
156277,2001,53,,53,53,0,0,0,0,53,53
156286,2001,1487,983,2470,1873,184,328,512,309,2982,2182
156295,2001,1620,53,1673,1641,0,0,0,0,1673,1641
156310,2001,120,45,165,138,0,0,0,0,165,138
156338,2001,559,1620,2179,1202,0,0,0,0,2179,1202
156356,2001,534,222,756,621,0,35,35,13,791,634
156365,2001,1152,478,1630,1340,17,130,147,67,1777,1407
156392,2001,1075,1461,2536,1655,0,0,0,0,2536,1655
156408,2001,1056,14,1070,1061,0,0,0,0,1070,1061
156417,2001,161,37,198,176,0,0,0,0,198,176
156426,2001,26,3,29,27,0,0,0,0,29,27
156444,2001,19,,19,19,0,0,0,0,19,19
156471,2001,34,,34,34,0,0,0,0,34,34
156541,2001,1344,222,1566,1431,5,133,138,56,1704,1487
156611,2001,17,6,23,19,0,0,0,0,23,19
156620,2001,9789,3263,13052,11106,400,1493,1893,940,14945,12046
156648,2001,1593,1929,3522,2359,0,0,0,0,3522,2359
156657,2001,415,803,1218,734,0,0,0,0,1218,734
156675,2001,18,2,20,19,0,0,0,0,20,19
156727,2001,,,0,0,185,2,187,186,187,186
156745,2001,1304,57,1361,1326,1,341,342,131,1703,1457
156754,2001,19,3,22,20,0,0,0,0,22,20
156790,2001,1475,1010,2485,1876,0,0,0,0,2485,1876
156806,2001,362,997,1359,758,0,0,0,0,1359,758
156815,2001,14,,14,14,0,0,0,0,14,14
156842,2001,38,,38,38,0,0,0,0,38,38
156851,2001,608,799,1407,925,0,0,0,0,1407,925
156860,2001,1067,1782,2849,1775,0,0,0,0,2849,1775
156903,2001,129,,129,129,0,0,0,0,129,129
156921,2001,3365,5862,9227,5693,0,0,0,0,9227,5693
156930,2001,691,2555,3246,1705,0,0,0,0,3246,1705
156949,2001,19,1,20,19,0,0,0,0,20,19
156967,2001,55,,55,55,0,0,0,0,55,55
157021,2001,1152,68,1220,1179,0,0,0,0,1220,1179
157030,2001,64,18,82,71,0,0,0,0,82,71
157058,2001,1665,500,2165,1867,60,88,148,92,2313,1959
157076,2001,631,40,671,647,0,0,0,0,671,647
157085,2001,15243,1894,17137,16007,4124,2640,6764,5093,23901,21100
157100,2001,556,20,576,564,5,11,16,9,592,573
157119,2001,255,520,775,461,0,0,0,0,775,461
157173,2001,4910,2883,7793,6055,0,0,0,0,7793,6055
157207,2001,,,0,0,73,54,127,100,127,100
157216,2001,1115,139,1254,1170,32,15,47,38,1301,1208
157270,2001,478,145,623,536,0,0,0,0,623,536
157289,2001,9842,4267,14109,11564,3227,2346,5573,4076,19682,15640
157298,2001,,,0,0,120,115,235,168,235,168
157304,2001,986,1186,2172,1457,0,0,0,0,2172,1457
157313,2001,369,595,964,605,0,0,0,0,964,605
157322,2001,556,878,1434,905,0,0,0,0,1434,905
157331,2001,680,713,1393,963,0,0,0,0,1393,963
157359,2001,605,48,653,624,0,0,0,0,653,624
157377,2001,638,236,874,731,0,0,0,0,874,731
157386,2001,6158,1091,7249,6598,301,1458,1759,828,9008,7426
157395,2001,15,,15,15,0,0,0,0,15,15
157401,2001,6622,1141,7763,7082,553,1319,1872,1030,9635,8112
157438,2001,524,1560,2084,1143,0,0,0,0,2084,1143
157447,2001,8158,3111,11269,9413,308,953,1261,692,12530,10105
157456,2001,42,,42,42,0,0,0,0,42,42
157465,2001,288,69,357,315,0,0,0,0,357,315
157483,2001,1336,1986,3322,2125,0,0,0,0,3322,2125
157508,2001,10,17,27,17,0,0,0,0,27,17
157535,2001,891,57,948,913,246,0,246,246,1194,1159
157553,2001,1435,872,2307,1781,0,0,0,0,2307,1781
157599,2001,411,,411,411,0,0,0,0,411,411
157605,2001,235,580,815,430,0,0,0,0,815,430
157614,2001,68,29,97,80,0,0,0,0,97,80
157632,2001,450,236,686,544,0,0,0,0,686,544
157650,2001,85,,85,85,0,0,0,0,85,85
157669,2001,52,,52,52,0,0,0,0,52,52
157678,2001,68,19,87,76,0,0,0,0,87,76
157696,2001,347,,347,347,0,0,0,0,347,347
157711,2001,1687,1112,2799,2129,0,0,0,0,2799,2129
157720,2001,651,470,1121,838,0,0,0,0,1121,838
157739,2001,1355,1128,2483,1803,0,0,0,0,2483,1803
157748,2001,308,446,754,483,1232,457,1689,1456,2443,1939
157757,2001,734,354,1088,873,218,364,582,357,1670,1230
157766,2001,471,113,584,516,0,0,0,0,584,516
157793,2001,2811,1418,4229,3368,106,67,173,132,4402,3500
157809,2001,990,432,1422,1160,133,0,133,133,1555,1293
157818,2001,1045,7,1052,1048,0,0,0,0,1052,1048
157827,2001,26,,26,26,0,0,0,0,26,26
157845,2001,34,,34,34,0,0,0,0,34,34
157863,2001,524,52,576,544,3,268,271,105,847,649
157942,2001,816,1282,2098,1325,0,0,0,0,2098,1325
157951,2001,11351,2762,14113,12466,651,1788,2439,1298,16552,13764
158079,2001,49,,49,49,0,0,0,0,49,49
158088,2001,289,382,671,441,0,0,0,0,671,441
158158,2001,112,44,156,129,0,0,0,0,156,129
158219,2001,94,188,282,169,0,0,0,0,282,169
158237,2001,300,240,540,395,0,0,0,0,540,395
158246,2001,130,,130,130,0,0,0,0,130,130
158282,2001,41,,41,41,0,0,0,0,41,41
158307,2001,118,108,226,161,0,0,0,0,226,161
158325,2001,47,,47,47,0,0,0,0,47,47
158334,2001,20,,20,20,0,0,0,0,20,20
158343,2001,104,61,165,128,0,0,0,0,165,128
158352,2001,485,975,1460,872,0,0,0,0,1460,872
158431,2001,2062,1881,3943,2809,0,0,0,0,3943,2809
158440,2001,200,,200,200,0,0,0,0,200,200
158477,2001,888,22,910,897,5,134,139,56,1049,953
158538,2001,39,,39,39,0,0,0,0,39,39
158583,2001,84,140,224,140,0,0,0,0,224,140
158617,2001,105,,105,105,0,0,0,0,105,105
158644,2001,77,77,154,108,0,0,0,0,154,108
158662,2001,6216,7188,13404,9070,0,0,0,0,13404,9070
158723,2001,424,2,426,425,0,0,0,0,426,425
158769,2001,244,351,595,383,0,0,0,0,595,383
158778,2001,49,,49,49,0,0,0,0,49,49
158787,2001,47,,47,47,0,0,0,0,47,47
158802,2001,1957,180,2137,2028,0,0,0,0,2137,2028
158884,2001,1048,876,1924,1396,0,0,0,0,1924,1396
158893,2001,137,84,221,170,0,0,0,0,221,170
158936,2001,98,135,233,152,0,0,0,0,233,152
158945,2001,156,63,219,181,0,0,0,0,219,181
158954,2001,49,21,70,57,0,0,0,0,70,57
159009,2001,3730,322,4052,3860,258,190,448,327,4500,4187
159018,2001,225,228,453,316,0,0,0,0,453,316
159027,2001,76,,76,76,0,0,0,0,76,76
159045,2001,135,91,226,171,0,0,0,0,226,171
159090,2001,125,75,200,155,0,0,0,0,200,155
159197,2001,262,78,340,293,0,0,0,0,340,293
159249,2001,90,111,201,134,0,0,0,0,201,134
159258,2001,135,740,875,429,0,0,0,0,875,429
159267,2001,153,156,309,215,0,0,0,0,309,215
159319,2001,93,,93,93,0,0,0,0,93,93
159328,2001,31,,31,31,0,0,0,0,31,31
159373,2001,563,183,746,637,1712,180,1892,1779,2638,2416
159382,2001,1216,1499,2715,1811,0,0,0,0,2715,1811
159391,2001,23873,2645,26518,24940,3665,1876,5541,4350,32059,29290
159407,2001,1594,1123,2717,2040,0,0,0,0,2717,2040
159416,2001,2281,1138,3419,2740,126,568,694,331,4113,3071
159443,2001,911,861,1772,1253,0,0,0,0,1772,1253
159513,2001,75,,75,75,0,0,0,0,75,75
159522,2001,72,,72,72,0,0,0,0,72,72
159531,2001,62,,62,62,0,0,0,0,62,62
159568,2001,1055,149,1204,1114,0,0,0,0,1204,1114
159601,2001,45,,45,45,0,0,0,0,45,45
159647,2001,7485,1575,9060,8121,851,783,1634,1134,10694,9255
159656,2001,3235,557,3792,3454,852,865,1717,1191,5509,4645
159692,2001,120,51,171,140,0,0,0,0,171,140
159717,2001,5697,1148,6845,6160,297,638,935,528,7780,6688
159780,2001,192,,192,192,0,0,0,0,192,192
159799,2001,93,,93,93,0,0,0,0,93,93
159823,2001,186,346,532,323,0,0,0,0,532,323
159939,2001,9369,3598,12967,10821,1443,2604,4047,2385,17014,13206
159966,2001,5395,1139,6534,5855,89,565,654,293,7188,6148
159984,2001,86,61,147,110,0,0,0,0,147,110
159993,2001,6029,1416,7445,6600,784,533,1317,980,8762,7580
160001,2001,84,109,193,127,0,0,0,0,193,127
160010,2001,309,305,614,430,0,0,0,0,614,430
160029,2001,,,0,0,147,39,186,162,186,162
160038,2001,6584,1789,8373,7306,249,793,1042,536,9415,7842
160047,2001,197,107,304,239,0,0,0,0,304,239
160065,2001,788,462,1250,969,18,79,97,48,1347,1017
160074,2001,358,861,1219,696,0,0,0,0,1219,696
160117,2001,24,,24,24,0,0,0,0,24,24
160126,2001,20,,20,20,0,0,0,0,20,20
160135,2001,17,,17,17,0,0,0,0,17,17
160144,2001,24,,24,24,0,0,0,0,24,24
160199,2001,43,,43,43,0,0,0,0,43,43
160214,2001,176,278,454,286,0,0,0,0,454,286
160250,2001,589,,589,589,0,0,0,0,589,589
160311,2001,182,573,755,410,0,0,0,0,755,410
160320,2001,102,,102,102,0,0,0,0,102,102
160348,2001,28,,28,28,0,0,0,0,28,28
160366,2001,103,78,181,134,0,0,0,0,181,134
160384,2001,88,212,300,172,0,0,0,0,300,172
160409,2001,84,,84,84,0,0,0,0,84,84
160427,2001,398,652,1050,657,0,0,0,0,1050,657
160436,2001,310,279,589,421,0,0,0,0,589,421
160445,2001,35,8,43,38,0,0,0,0,43,38
160454,2001,177,223,400,266,0,0,0,0,400,266
160472,2001,101,,101,101,0,0,0,0,101,101
160481,2001,368,591,959,603,0,0,0,0,959,603
160524,2001,491,,491,491,0,0,0,0,491,491
160560,2001,171,121,292,219,0,0,0,0,292,219
160579,2001,975,479,1454,1165,0,0,0,0,1454,1165
160597,2001,100,52,152,121,0,0,0,0,152,121
160612,2001,10824,1993,12817,11628,479,1210,1689,917,14506,12545
160621,2001,6732,740,7472,7031,775,788,1563,1061,9035,8092
160630,2001,2406,678,3084,2680,278,379,657,415,3741,3095
160649,2001,976,468,1444,1162,0,0,0,0,1444,1162
160658,2001,11486,2427,13913,12465,752,824,1576,1050,15489,13515
160667,2001,424,299,723,543,0,0,0,0,723,543
160676,2001,483,141,624,539,0,0,0,0,624,539
160685,2001,206,224,430,295,0,0,0,0,430,295
160694,2001,306,208,514,389,0,0,0,0,514,389
160719,2001,74,332,406,206,0,0,0,0,406,206
160755,2001,5745,1734,7479,6426,3665,681,4346,3926,11825,10352
160816,2001,114,89,203,149,0,0,0,0,203,149
160843,2001,208,133,341,261,0,0,0,0,341,261
160870,2001,490,168,658,557,0,0,0,0,658,557
160904,2001,3207,133,3340,3259,403,169,572,469,3912,3728
160913,2001,618,748,1366,915,0,0,0,0,1366,915
160940,2001,505,16,521,511,0,0,0,0,521,511
160959,2001,260,9,269,264,2,0,2,2,271,266
160968,2001,,,0,0,30,48,78,53,78,53
160977,2001,1767,,1767,1767,0,0,0,0,1767,1767
160995,2001,221,83,304,254,0,0,0,0,304,254
161004,2001,1621,14,1635,1626,0,0,0,0,1635,1626
161022,2001,25,73,98,54,0,0,0,0,98,54
161059,2001,13,,13,13,0,0,0,0,13,13
161077,2001,625,810,1435,947,0,0,0,0,1435,947
161086,2001,1808,1,1809,1808,0,0,0,0,1809,1808
161138,2001,663,933,1596,1033,0,0,0,0,1596,1033
161165,2001,915,687,1602,1185,44,218,262,127,1864,1312
161192,2001,381,874,1255,728,0,0,0,0,1255,728
161208,2001,62,,62,62,0,0,0,0,62,62
161217,2001,1476,4099,5575,3130,0,0,0,0,5575,3130
161226,2001,2095,340,2435,2232,0,0,0,0,2435,2232
161235,2001,592,305,897,715,0,0,0,0,897,715
161244,2001,542,475,1017,734,0,0,0,0,1017,734
161253,2001,6875,1636,8511,7535,966,1221,2187,1408,10698,8943
161299,2001,700,13,713,705,8,6,14,10,727,715
161341,2001,953,414,1367,1120,0,0,0,0,1367,1120
161378,2001,18,,18,18,0,0,0,0,18,18
161396,2001,140,66,206,166,0,0,0,0,206,166
161402,2001,124,74,198,153,0,0,0,0,198,153
161457,2001,1127,262,1389,1230,1004,444,1448,1174,2837,2404
161484,2001,551,332,883,683,0,0,0,0,883,683
161493,2001,206,,206,206,0,0,0,0,206,206
161509,2001,400,35,435,414,26,0,26,26,461,440
161518,2001,860,2701,3561,1921,303,1406,1709,840,5270,2761
161527,2001,54,,54,54,0,0,0,0,54,54
161545,2001,1086,1385,2471,1636,0,0,0,0,2471,1636
161554,2001,4424,4407,8831,6202,950,1185,2135,1382,10966,7584
161563,2001,464,201,665,543,5,109,114,47,779,590
161572,2001,480,21,501,488,0,0,0,0,501,488
161581,2001,216,56,272,238,0,0,0,0,272,238
161615,2001,26,1,27,26,0,0,0,0,27,26
161624,2001,157,,157,157,0,0,0,0,157,157
161651,2001,17,8,25,20,0,0,0,0,25,20
161688,2001,1605,1274,2879,2111,0,0,0,0,2879,2111
161767,2001,4114,8701,12815,7569,0,0,0,0,12815,7569
161800,2001,22,,22,22,0,0,0,0,22,22
161837,2001,54,54,108,75,3,53,56,23,164,98
161855,2001,37,24,61,47,0,0,0,0,61,47
161864,2001,2018,4250,6268,3705,0,0,0,0,6268,3705
161873,2001,890,1103,1993,1335,1424,1222,2646,1874,4639,3209
161882,2001,452,31,483,464,0,0,0,0,483,464
162007,2001,2635,907,3542,3001,300,1339,1639,784,5181,3785
162061,2001,316,313,629,439,20,151,171,78,800,517
162104,2001,478,970,1448,863,0,0,0,0,1448,863
162122,2001,2229,4574,6803,4045,0,0,0,0,6803,4045
162168,2001,683,1565,2248,1304,0,0,0,0,2248,1304
162210,2001,641,428,1069,809,0,4,4,2,1073,811
162283,2001,2351,917,3268,2721,36,728,764,299,4032,3020
162335,2001,69,,69,69,0,0,0,0,69,69
162371,2001,132,17,149,139,0,0,0,0,149,139
162557,2001,1481,3077,4558,2703,0,0,0,0,4558,2703
162584,2001,4027,327,4354,4159,206,723,929,468,5283,4627
162609,2001,348,289,637,463,0,0,0,0,637,463
162654,2001,1175,46,1221,1193,100,675,775,358,1996,1551
162681,2001,495,340,835,630,0,0,0,0,835,630
162690,2001,992,1687,2679,1662,0,0,0,0,2679,1662
162706,2001,1891,3364,5255,3227,0,0,0,0,5255,3227
162760,2001,595,189,784,669,43,780,823,341,1607,1010
162779,2001,1931,4003,5934,3520,0,0,0,0,5934,3520
162830,2001,40,6,46,42,0,0,0,0,46,42
162928,2001,4530,840,5370,4860,4575,7881,12456,7586,17826,12446
162982,2001,41,38,79,56,0,0,0,0,79,56
163028,2001,627,,627,627,0,0,0,0,627,627
163046,2001,3408,69,3477,3435,610,2057,2667,1396,6144,4831
163107,2001,17,9,26,21,0,0,0,0,26,21
163116,2001,64,20,84,72,0,0,0,0,84,72
163161,2001,27,26,53,36,0,0,0,0,53,36
163204,2001,2181,13881,16062,7783,289,5882,6171,2417,22233,10200
163259,2001,532,285,817,647,3514,1145,4659,3970,5476,4617
163268,2001,7572,1756,9328,8281,920,989,1909,1278,11237,9559
163286,2001,22412,2687,25099,23496,5432,3629,9061,6745,34160,30241
163295,2001,1178,475,1653,1365,137,8,145,140,1798,1505
163338,2001,2563,404,2967,2726,146,182,328,212,3295,2938
163347,2001,602,999,1601,999,0,0,0,0,1601,999
163408,2001,68,57,125,91,0,0,0,0,125,91
163426,2001,7624,13723,21347,13073,0,0,0,0,21347,13073
163453,2001,5139,835,5974,5476,281,243,524,369,6498,5845
163462,2001,1329,213,1542,1413,211,216,427,294,1969,1707
163532,2001,334,,334,334,189,14,203,194,537,528
163541,2001,121,54,175,142,0,0,0,0,175,142
163578,2001,618,1232,1850,1102,70,1152,1222,510,3072,1612
163657,2001,3144,9143,12287,6774,0,0,0,0,12287,6774
163736,2001,658,747,1405,955,0,0,0,0,1405,955
163754,2001,45,18,63,52,0,0,0,0,63,52
163815,2001,24,14,38,30,0,0,0,0,38,30
163842,2001,12,,12,12,93,196,289,169,301,181
163851,2001,5280,780,6060,5595,118,504,622,300,6682,5895
163912,2001,1508,180,1688,1581,0,0,0,0,1688,1581
163921,2001,633,212,845,716,0,0,0,0,845,716
163976,2001,467,5,472,469,61,5,66,63,538,532
164076,2001,11757,2202,13959,12646,706,2315,3021,1543,16980,14189
164085,2001,,,0,0,229,34,263,242,263,242
164100,2001,31,,31,31,0,0,0,0,31,31
164155,2001,4297,,4297,4297,0,0,0,0,4297,4297
164173,2001,1781,595,2376,2015,0,71,71,27,2447,2042
164207,2001,180,151,331,239,65,203,268,156,599,395
164216,2001,1153,55,1208,1175,3,49,52,22,1260,1197
164243,2001,,,0,0,84,110,194,135,194,135
164270,2001,1569,72,1641,1597,145,1338,1483,656,3124,2253
164313,2001,734,1987,2721,1523,0,0,0,0,2721,1523
164447,2001,885,189,1074,959,147,294,441,259,1515,1218
164465,2001,1631,9,1640,1635,0,0,0,0,1640,1635
164474,2001,,,0,0,62,334,396,214,396,214
164492,2001,576,256,832,677,83,349,432,216,1264,893
164526,2001,478,72,550,506,0,0,0,0,550,506
164562,2001,2084,374,2458,2231,113,208,321,192,2779,2423
164571,2001,506,127,633,556,30,52,82,50,715,606
164580,2001,1719,,1719,1719,463,1146,1609,901,3328,2620
164599,2001,167,,167,167,0,0,0,0,167,167
164614,2001,83,26,109,93,0,0,0,0,109,93
164632,2001,668,249,917,766,54,8,62,57,979,823
164641,2001,76,23,99,85,0,0,0,0,99,85
164678,2001,101,79,180,132,0,0,0,0,180,132
164720,2001,872,540,1412,1084,0,0,0,0,1412,1084
164739,2001,3710,546,4256,3924,302,1029,1331,695,5587,4619
164748,2001,3043,372,3415,3189,0,0,0,0,3415,3189
164775,2001,944,1457,2401,1523,0,0,0,0,2401,1523
164845,2001,127,22,149,136,0,0,0,0,149,136
164872,2001,298,67,365,324,201,18,219,208,584,532
164915,2001,,,0,0,50,83,133,82,133,82
164924,2001,9260,537,9797,9471,2243,2268,4511,3112,14308,12583
164933,2001,368,5,373,370,117,20,137,125,510,495
164988,2001,15600,2002,17602,16386,7128,3026,10154,8287,27756,24673
165015,2001,3051,30,3081,3063,1236,565,1801,1452,4882,4515
165024,2001,5604,1595,7199,6248,238,1601,1839,817,9038,7065
165033,2001,2360,3772,6132,3858,0,0,0,0,6132,3858
165060,2001,297,,297,297,0,0,0,0,297,297
165112,2001,2492,4422,6914,4248,0,0,0,0,6914,4248
165149,2001,64,,64,64,0,0,0,0,64,64
165167,2001,85,302,387,204,1123,1353,2476,1640,2863,1844
165194,2001,904,4175,5079,2562,0,0,0,0,5079,2562
165255,2001,77,42,119,94,0,0,0,0,119,94
165264,2001,56,207,263,138,0,0,0,0,263,138
165334,2001,1896,242,2138,1991,436,381,817,582,2955,2573
165495,2001,,,0,0,18,0,18,18,18,18
165529,2001,1449,793,2242,1761,15,92,107,50,2349,1811
165556,2001,79,30,109,91,0,0,0,0,109,91
165574,2001,910,492,1402,1103,0,0,0,0,1402,1103
165608,2001,51,22,73,58,0,0,0,0,73,58
165635,2001,253,,253,253,0,0,0,0,253,253
165644,2001,1044,17,1061,1051,59,94,153,95,1214,1146
165662,2001,2857,555,3412,3075,713,214,927,795,4339,3870
165671,2001,879,426,1305,1046,14,130,144,64,1449,1110
165680,2001,70,17,87,77,0,0,0,0,87,77
165699,2001,1405,105,1510,1446,46,198,244,122,1754,1568
165705,2001,,,0,0,51,46,97,72,97,72
165750,2001,134,,134,134,0,0,0,0,134,134
165802,2001,824,573,1397,1049,0,0,0,0,1397,1049
165820,2001,2245,970,3215,2636,224,1585,1809,797,5024,3433
165848,2001,120,3,123,121,0,0,0,0,123,121
165866,2001,3117,916,4033,3487,210,1660,1870,810,5903,4297
165884,2001,301,17,318,308,0,0,0,0,318,308
165936,2001,1572,52,1624,1592,2,68,70,28,1694,1620
165945,2001,,,0,0,607,1001,1608,1033,1608,1033
165981,2001,989,1366,2355,1531,0,0,0,0,2355,1531
166009,2001,156,,156,156,0,0,0,0,156,156
166018,2001,1219,,1219,1219,0,0,0,0,1219,1219
166027,2001,7060,2577,9637,8072,11825,3012,14837,12980,24474,21052
166045,2001,,26,26,10,11,140,151,64,177,74
166054,2001,50,2,52,51,89,7,96,92,148,143
166063,2001,30,13,43,35,0,0,0,0,43,35
166124,2001,2782,29,2811,2793,0,0,0,0,2811,2793
166133,2001,2828,3170,5998,4087,0,0,0,0,5998,4087
166276,2001,1114,1114,2228,1556,0,0,0,0,2228,1556
166294,2001,29,17,46,36,0,0,0,0,46,36
166319,2001,6,39,45,21,0,0,0,0,45,21
166328,2001,24,20,44,32,0,0,0,0,44,32
166391,2001,851,43,894,868,0,0,0,0,894,868
166407,2001,132,54,186,153,0,0,0,0,186,153
166452,2001,817,910,1727,1174,339,4292,4631,1979,6358,3153
166489,2001,37,4,41,39,94,33,127,107,168,146
166498,2001,20,14,34,26,0,0,0,0,34,26
166513,2001,5529,4121,9650,7192,784,1963,2747,1494,12397,8686
166586,2001,27,19,46,35,0,0,0,0,46,35
166595,2001,9,10,19,13,0,0,0,0,19,13
166601,2001,187,86,273,221,0,0,0,0,273,221
166629,2001,17885,1483,19368,18483,2158,3152,5310,3298,24678,21781
166638,2001,5930,4635,10565,7800,702,2081,2783,1455,13348,9255
166647,2001,2532,2418,4950,3492,0,0,0,0,4950,3492
166656,2001,1034,131,1165,1085,548,194,742,644,1907,1729
166674,2001,1274,866,2140,1623,58,52,110,77,2250,1700
166683,2001,4150,63,4213,4175,5632,352,5984,5766,10197,9941
166692,2001,836,17,853,843,0,0,0,0,853,843
166708,2001,,,0,0,677,9,686,680,686,680
166717,2001,,,0,0,114,36,150,128,150,128
166805,2001,12,28,40,23,0,0,0,0,40,23
166823,2001,3056,3850,6906,4585,0,0,0,0,6906,4585
166850,2001,2032,428,2460,2200,1,23,24,10,2484,2210
166869,2001,,,0,0,327,221,548,411,548,411
166887,2001,3186,4382,7568,4926,0,0,0,0,7568,4926
166911,2001,364,18,382,371,0,0,0,0,382,371
166939,2001,1966,71,2037,1994,1,0,1,1,2038,1995
166948,2001,1111,214,1325,1195,0,0,0,0,1325,1195
166957,2001,1620,2091,3711,2450,0,0,0,0,3711,2450
166975,2001,,263,263,104,0,0,0,0,263,104
166984,2001,639,843,1482,970,102,0,102,102,1584,1072
167020,2001,422,,422,422,0,0,0,0,422,422
167039,2001,6,29,35,18,0,0,0,0,35,18
167057,2001,356,25,381,366,364,27,391,374,772,740
167093,2001,,,0,0,421,1,422,422,422,422
167181,2001,,,0,0,220,54,274,241,274,241
167215,2001,,,0,0,594,331,925,775,925,775
167224,2001,125,,125,125,0,0,0,0,125,125
167251,2001,654,1035,1689,1061,0,0,0,0,1689,1061
167260,2001,799,498,1297,995,50,198,248,126,1545,1121
167288,2001,1109,292,1401,1227,1,211,212,77,1613,1304
167297,2001,144,,144,144,0,0,0,0,144,144
167312,2001,2319,3781,6100,3820,0,0,0,0,6100,3820
167321,2001,801,204,1005,882,0,0,0,0,1005,882
167358,2001,13963,5242,19205,16022,2646,1571,4217,3246,23422,19268
167376,2001,1929,4443,6372,3693,0,0,0,0,6372,3693
167394,2001,418,212,630,501,23,66,89,48,719,549
167455,2001,390,16,406,396,0,0,0,0,406,396
167464,2001,,,0,0,77,0,77,77,77,77
167525,2001,1512,2889,4401,2659,0,0,0,0,4401,2659
167534,2001,2502,3695,6197,3969,0,0,0,0,6197,3969
167543,2001,125,30,155,137,0,0,0,0,155,137
167598,2001,643,208,851,725,59,171,230,124,1081,849
167631,2001,1273,1439,2712,1844,0,0,0,0,2712,1844
167677,2001,44,11,55,48,153,29,182,164,237,212
167729,2001,4311,2006,6317,5121,185,1847,2032,853,8349,5974
167738,2001,454,,454,454,0,0,0,0,454,454
167774,2001,260,,260,260,0,0,0,0,260,260
167783,2001,1121,154,1275,1181,552,1472,2024,1114,3299,2295
167792,2001,396,5,401,398,0,0,0,0,401,398
167835,2001,2623,42,2665,2639,416,32,448,428,3113,3067
167871,2001,122,21,143,129,0,0,0,0,143,129
167899,2001,3018,569,3587,3242,1015,405,1420,1170,5007,4412
167905,2001,2635,3622,6257,4073,0,0,0,0,6257,4073
167987,2001,5344,1294,6638,5866,301,521,822,489,7460,6355
167996,2001,2179,434,2613,2349,9,0,9,9,2622,2358
168005,2001,2740,697,3437,3014,1402,2058,3460,2295,6897,5309
168032,2001,47,,47,47,0,0,0,0,47,47
168148,2001,4683,92,4775,4719,3448,859,4307,3776,9082,8495
168218,2001,2201,72,2273,2229,0,0,0,0,2273,2229
168227,2001,2535,738,3273,2825,0,0,0,0,3273,2825
168254,2001,2060,1034,3094,2466,260,1202,1462,758,4556,3224
168263,2001,3628,750,4378,3931,41,734,775,306,5153,4237
168272,2001,,,0,0,152,47,199,171,199,171
168281,2001,1532,19,1551,1539,0,0,0,0,1551,1539
168290,2001,607,9,616,611,211,263,474,311,1090,922
168342,2001,1959,38,1997,1974,51,0,51,51,2048,2025
168421,2001,2715,108,2823,2757,470,594,1064,697,3887,3454
168430,2001,3108,1807,4915,3837,78,775,853,358,5768,4195
168519,2001,41,,41,41,0,0,0,0,41,41
168528,2001,1002,52,1054,1022,0,0,0,0,1054,1022
168546,2001,1526,20,1546,1534,0,0,0,0,1546,1534
168555,2001,21,22,43,30,0,0,0,0,43,30
168573,2001,183,24,207,193,0,0,0,0,207,193
168591,2001,1325,46,1371,1343,0,0,0,0,1371,1343
168607,2001,933,1000,1933,1330,0,0,0,0,1933,1330
168740,2001,1329,314,1643,1452,605,473,1078,795,2721,2247
168786,2001,1578,438,2016,1750,194,361,555,332,2571,2082
168838,2001,1256,811,2067,1575,0,0,0,0,2067,1575
168847,2001,2388,2011,4399,3178,0,0,0,0,4399,3178
168883,2001,1182,1016,2198,1585,0,0,0,0,2198,1585
168892,2001,89,28,117,100,0,0,0,0,117,100
169080,2001,4008,213,4221,4092,6,31,37,18,4258,4110
169099,2001,,,0,0,200,74,274,232,274,232
169187,2001,97,121,218,145,0,0,0,0,218,145
169220,2001,,,0,0,84,3,87,85,87,85
169248,2001,16600,2930,19530,17782,2272,5995,8267,4440,27797,22222
169275,2001,2932,6087,9019,5349,0,0,0,0,9019,5349
169284,2001,140,28,168,151,0,0,0,0,168,151
169327,2001,511,46,557,529,75,0,75,75,632,604
169363,2001,458,75,533,487,33,2,35,34,568,521
169424,2001,,,0,0,136,0,136,136,136,136
169442,2001,973,179,1152,1043,0,0,0,0,1152,1043
169479,2001,851,1192,2043,1319,28,56,84,49,2127,1368
169488,2001,355,708,1063,633,0,0,0,0,1063,633
169497,2001,475,734,1209,763,0,0,0,0,1209,763
169503,2001,157,,157,157,0,0,0,0,157,157
169521,2001,3380,6384,9764,5915,0,0,0,0,9764,5915
169567,2001,169,,169,169,0,0,0,0,169,169
169576,2001,56,49,105,75,0,0,0,0,105,75
169594,2001,1542,1320,2862,2061,212,64,276,236,3138,2297
169600,2001,1292,1058,2350,1708,92,44,136,109,2486,1817
169628,2001,,,0,0,596,184,780,696,780,696
169655,2001,400,,400,400,0,0,0,0,400,400
169716,2001,1905,1807,3712,2615,875,1256,2131,1384,5843,3999
169734,2001,80,62,142,105,0,0,0,0,142,105
169761,2001,108,56,164,130,0,0,0,0,164,130
169798,2001,13271,5389,18660,15446,1238,4389,5627,2826,24287,18272
169831,2001,23,44,67,40,0,0,0,0,67,40
169910,2001,7961,2131,10092,8821,431,407,838,580,10930,9401
169947,2001,36,,36,36,0,0,0,0,36,36
169974,2001,112,1782,1894,820,0,0,0,0,1894,820
169983,2001,2653,,2653,2653,9,684,693,270,3346,2923
169992,2001,513,657,1170,774,0,0,0,0,1170,774
170000,2001,133,16,149,139,0,0,0,0,149,139
170037,2001,1532,184,1716,1604,76,149,225,140,1941,1744
170046,2001,814,,814,814,0,0,0,0,814,814
170055,2001,5144,8339,13483,8455,0,0,0,0,13483,8455
170082,2001,13371,3014,16385,14587,592,2785,3377,1599,19762,16186
170091,2001,156,64,220,181,0,0,0,0,220,181
170240,2001,3454,9288,12742,7142,0,0,0,0,12742,7142
170301,2001,2871,128,2999,2921,0,0,0,0,2999,2921
170338,2001,6,52,58,27,0,0,0,0,58,27
170417,2001,516,3,519,517,0,0,0,0,519,517
170444,2001,1446,3839,5285,2970,0,0,0,0,5285,2970
170514,2001,4,70,74,32,0,0,0,0,74,32
170532,2001,1384,,1384,1384,0,0,0,0,1384,1384
170541,2001,3064,6847,9911,5783,0,0,0,0,9911,5783
170550,2001,2431,3455,5886,3803,0,0,0,0,5886,3803
170587,2001,499,910,1409,860,0,0,0,0,1409,860
170611,2001,79,137,216,133,0,0,0,0,216,133
170620,2001,1115,2269,3384,2016,0,0,0,0,3384,2016
170639,2001,2458,652,3110,2721,0,32,32,12,3142,2733
170657,2001,5211,12147,17358,10034,0,0,0,0,17358,10034
170675,2001,1509,1448,2957,2078,29,1165,1194,474,4151,2552
170693,2001,152,206,358,234,0,0,0,0,358,234
170736,2001,54,,54,54,0,0,0,0,54,54
170790,2001,6139,15679,21818,12364,0,0,0,0,21818,12364
170806,2001,1405,1638,3043,2048,56,722,778,332,3821,2380
170824,2001,13,,13,13,0,0,0,0,13,13
170842,2001,410,469,879,594,5077,141,5218,5131,6097,5725
170967,2001,594,299,893,711,0,0,0,0,893,711
170976,2001,23189,1358,24547,23737,11779,1922,13701,12474,38248,36211
171012,2001,137,63,200,162,0,0,0,0,200,162
171100,2001,30583,4291,34874,32315,5828,3525,9353,7109,44227,39424
171128,2001,4878,1053,5931,5303,446,226,672,528,6603,5831
171137,2001,3771,2555,6326,4802,103,1715,1818,723,8144,5525
171146,2001,3424,2455,5879,4415,92,426,518,246,6397,4661
171155,2001,491,1920,2411,1253,0,0,0,0,2411,1253
171225,2001,1218,2431,3649,2183,0,0,0,0,3649,2183
171234,2001,372,1148,1520,828,0,0,0,0,1520,828
171261,2001,54,39,93,69,0,0,0,0,93,69
171298,2001,1714,1215,2929,2191,0,0,0,0,2929,2191
171304,2001,1801,2606,4407,2836,0,0,0,0,4407,2836
171313,2001,82,,82,82,0,0,0,0,82,82
171322,2001,1626,117,1743,1672,0,0,0,0,1743,1672
171395,2001,645,1603,2248,1281,0,0,0,0,2248,1281
171456,2001,6724,1000,7724,7128,255,598,853,471,8577,7599
171465,2001,35,8,43,38,0,0,0,0,43,38
171483,2001,1660,2591,4251,2689,0,0,0,0,4251,2689
171492,2001,2254,1160,3414,2710,54,186,240,125,3654,2835
171535,2001,6117,17386,23503,13020,0,0,0,0,23503,13020
171571,2001,8587,3942,12529,10178,946,2400,3346,1814,15875,11992
171599,2001,757,63,820,782,8,6,14,10,834,792
171775,2001,15,30,45,27,0,0,0,0,45,27
171881,2001,218,76,294,248,0,0,0,0,294,248
171988,2001,66,,66,66,0,0,0,0,66,66
171997,2001,36,,36,36,0,0,0,0,36,36
172015,2001,64,,64,64,0,0,0,0,64,64
172033,2001,32,262,294,135,43,83,126,75,420,210
172051,2001,5036,2284,7320,5958,489,1127,1616,897,8936,6855
172121,2001,256,257,513,357,0,0,0,0,513,357
172200,2001,3040,6490,9530,5617,0,0,0,0,9530,5617
172264,2001,832,914,1746,1191,13,265,278,114,2024,1305
172291,2001,1586,2475,4061,2569,0,0,0,0,4061,2569
172307,2001,1109,2063,3172,1928,0,0,0,0,3172,1928
172325,2001,569,,569,569,0,0,0,0,569,569
172334,2001,1805,368,2173,1950,266,177,443,334,2616,2284
172422,2001,263,8,271,266,0,0,0,0,271,266
172440,2001,349,69,418,376,0,0,0,0,418,376
172477,2001,,,0,0,389,1430,1819,1169,1819,1169
172486,2001,66,153,219,127,0,0,0,0,219,127
172495,2001,25,97,122,64,0,0,0,0,122,64
172556,2001,40,55,95,62,0,0,0,0,95,62
172574,2001,34,91,125,70,0,0,0,0,125,70
172583,2001,156,30,186,168,0,0,0,0,186,168
172608,2001,207,985,1192,594,103,1919,2022,836,3214,1430
172617,2001,2819,8352,11171,6135,0,0,0,0,11171,6135
172635,2001,2289,8144,10433,5523,0,0,0,0,10433,5523
172644,2001,9272,9217,18489,12991,5284,7267,12551,7999,31040,20990
172671,2001,489,791,1280,803,0,0,0,0,1280,803
172699,2001,19895,3261,23156,21211,968,4807,5775,2707,28931,23918
172705,2001,,,0,0,132,32,164,147,164,147
172778,2001,316,292,608,431,0,0,0,0,608,431
172802,2001,20,,20,20,0,0,0,0,20,20
172866,2001,241,126,367,290,0,0,0,0,367,290
172918,2001,1620,700,2320,1898,0,0,0,0,2320,1898
172927,2001,10,4,14,12,0,0,0,0,14,12
172954,2001,970,1439,2409,1541,0,0,0,0,2409,1541
172963,2001,2542,3436,5978,3906,0,0,0,0,5978,3906
172972,2001,54,,54,54,0,0,0,0,54,54
173045,2001,2275,505,2780,2473,72,59,131,95,2911,2568
173063,2001,1446,2032,3478,2253,0,0,0,0,3478,2253
173115,2001,3490,1375,4865,4036,0,0,0,0,4865,4036
173124,2001,3426,1020,4446,3838,36,182,218,102,4664,3940
173142,2001,369,32,401,382,0,0,0,0,401,382
173160,2001,2435,265,2700,2539,192,99,291,230,2991,2769
173179,2001,,,0,0,435,452,887,641,887,641
173203,2001,2019,1085,3104,2450,0,0,0,0,3104,2450
173258,2001,1932,16,1948,1938,0,0,0,0,1948,1938
173300,2001,2675,32,2707,2688,0,0,0,0,2707,2688
173328,2001,1372,139,1511,1427,262,0,262,262,1773,1689
173416,2001,1257,1531,2788,1865,0,0,0,0,2788,1865
173452,2001,1043,17,1060,1050,0,0,0,0,1060,1050
173461,2001,1965,1944,3909,2737,0,0,0,0,3909,2737
173470,2001,27,,27,27,0,0,0,0,27,27
173489,2001,183,50,233,203,0,0,0,0,233,203
173559,2001,874,1409,2283,1433,0,0,0,0,2283,1433
173629,2001,342,432,774,512,0,0,0,0,774,512
173638,2001,1393,1762,3155,2093,0,0,0,0,3155,2093
173647,2001,2286,276,2562,2394,0,0,0,0,2562,2394
173665,2001,1767,106,1873,1809,759,1491,2250,1342,4123,3151
173708,2001,1838,4424,6262,3595,0,0,0,0,6262,3595
173726,2001,28,,28,28,0,0,0,0,28,28
173735,2001,1093,672,1765,1360,0,0,0,0,1765,1360
173744,2001,289,14,303,295,0,0,0,0,303,295
173799,2001,1669,2876,4545,2811,0,0,0,0,4545,2811
173805,2001,814,306,1120,935,0,0,0,0,1120,935
173850,2001,184,137,321,238,0,0,0,0,321,238
173887,2001,834,113,947,878,0,0,0,0,947,878
173896,2001,,,0,0,565,148,713,633,713,633
173902,2001,1769,53,1822,1790,0,0,0,0,1822,1790
173911,2001,1629,1536,3165,2239,0,0,0,0,3165,2239
173920,2001,10305,1353,11658,10851,469,1148,1617,884,13275,11735
173939,2001,126,,126,126,0,0,0,0,126,126
173957,2001,,,0,0,165,0,165,165,165,165
173966,2001,47,,47,47,189,12,201,194,248,241
173975,2001,52,17,69,59,0,0,0,0,69,59
173984,2001,521,343,864,657,0,0,0,0,864,657
173993,2001,1057,809,1866,1378,0,0,0,0,1866,1378
174020,2001,1539,4123,5662,3203,148,200,348,220,6010,3423
174066,2001,23949,8187,32136,27253,7980,6481,14461,10357,46597,37610
174075,2001,1108,1421,2529,1681,0,0,0,0,2529,1681
174118,2001,365,,365,365,0,0,0,0,365,365
174127,2001,540,44,584,557,34,10,44,38,628,595
174136,2001,2952,4089,7041,4576,0,0,0,0,7041,4576
174154,2001,141,6,147,143,0,0,0,0,147,143
174190,2001,27,,27,27,0,0,0,0,27,27
174206,2001,90,19,109,97,0,0,0,0,109,97
174233,2001,7743,989,8732,8142,317,331,648,437,9380,8579
174251,2001,1793,134,1927,1847,0,0,0,0,1927,1847
174279,2001,320,450,770,497,0,0,0,0,770,497
174321,2001,103,5,108,105,0,0,0,0,108,105
174358,2001,5805,1243,7048,6307,93,290,383,198,7431,6505
174376,2001,2151,3393,5544,3498,0,0,0,0,5544,3498
174385,2001,143,92,235,179,0,0,0,0,235,179
174394,2001,2405,15,2420,2411,0,0,0,0,2420,2411
174428,2001,3475,4029,7504,5075,0,0,0,0,7504,5075
174437,2001,1140,90,1230,1175,0,0,0,0,1230,1175
174464,2001,151,104,255,192,0,0,0,0,255,192
174473,2001,915,1239,2154,1407,0,0,0,0,2154,1407
174482,2001,31,,31,31,0,0,0,0,31,31
174491,2001,1801,476,2277,1988,0,0,0,0,2277,1988
174507,2001,32,,32,32,729,64,793,759,825,791
174516,2001,290,161,451,354,0,0,0,0,451,354
174525,2001,149,25,174,159,0,0,0,0,174,159
174534,2001,82,,82,82,0,0,0,0,82,82
174561,2001,199,23,222,208,0,0,0,0,222,208
174570,2001,218,892,1110,572,0,0,0,0,1110,572
174604,2001,311,225,536,400,0,0,0,0,536,400
174622,2001,283,68,351,310,0,0,0,0,351,310
174631,2001,205,108,313,248,0,0,0,0,313,248
174659,2001,910,795,1705,1226,0,0,0,0,1705,1226
174686,2001,23,1,24,23,0,0,0,0,24,23
174738,2001,2838,2219,5057,3719,0,0,0,0,5057,3719
174747,2001,2029,71,2100,2057,0,0,0,0,2100,2057
174756,2001,1903,1269,3172,2407,0,0,0,0,3172,2407
174765,2001,144,,144,144,0,0,0,0,144,144
174774,2001,2,,2,2,0,0,0,0,2,2
174783,2001,11873,2800,14673,13003,442,805,1247,733,15920,13736
174792,2001,1853,35,1888,1867,75,77,152,105,2040,1972
174817,2001,1336,285,1621,1448,503,2884,3387,1605,5008,3053
174844,2001,2941,70,3011,2968,0,0,0,0,3011,2968
174862,2001,700,162,862,764,8,7,15,11,877,775
174899,2001,1496,201,1697,1575,220,311,531,339,2228,1914
174914,2001,4720,696,5416,4993,822,5235,6057,2823,11473,7816
174932,2001,239,30,269,251,0,0,0,0,269,251
174978,2001,132,18,150,139,0,0,0,0,150,139
175005,2001,2303,1297,3600,2813,589,433,1022,754,4622,3567
175014,2001,237,150,387,297,0,0,0,0,387,297
175023,2001,11,,11,11,0,0,0,0,11,11
175041,2001,1366,3993,5359,2951,0,0,0,0,5359,2951
175078,2001,2224,2184,4408,3105,274,374,648,409,5056,3514
175120,2001,26,,26,26,0,0,0,0,26,26
175139,2001,,,0,0,68,145,213,131,213,131
175148,2001,96,16,112,102,0,0,0,0,112,102
175157,2001,590,267,857,696,0,0,0,0,857,696
175175,2001,20,,20,20,0,0,0,0,20,20
175227,2001,1107,48,1155,1126,0,0,0,0,1155,1126
175236,2001,2280,1521,3801,2884,0,0,0,0,3801,2884
175272,2001,6230,884,7114,6587,145,448,593,307,7707,6894
175281,2001,,,0,0,537,478,1015,798,1015,798
175315,2001,3308,4088,7396,4931,0,0,0,0,7396,4931
175342,2001,2269,274,2543,2380,156,397,553,300,3096,2680
175421,2001,1510,156,1666,1571,197,20,217,205,1883,1776
175430,2001,309,86,395,343,0,0,0,0,395,343
175476,2001,18,,18,18,0,0,0,0,18,18
175494,2001,139,,139,139,0,0,0,0,139,139
175519,2001,1145,173,1318,1214,0,0,0,0,1318,1214
175528,2001,200,19,219,208,0,0,0,0,219,208
175564,2001,503,242,745,599,0,0,0,0,745,599
175573,2001,1530,278,1808,1640,0,0,0,0,1808,1640
175591,2001,57,,57,57,0,0,0,0,57,57
175607,2001,107,,107,107,0,0,0,0,107,107
175616,2001,2822,501,3323,3024,191,287,478,295,3801,3319
175643,2001,1745,637,2382,1998,0,0,0,0,2382,1998
175652,2001,1786,1223,3009,2272,0,0,0,0,3009,2272
175698,2001,21,12,33,26,0,0,0,0,33,26
175713,2001,38,39,77,53,0,0,0,0,77,53
175722,2001,23,13,36,28,0,0,0,0,36,28
175786,2001,7034,2500,9534,8027,0,0,0,0,9534,8027
175810,2001,2421,832,3253,2751,0,0,0,0,3253,2751
175829,2001,2717,1086,3803,3148,0,0,0,0,3803,3148
175856,2001,4941,800,5741,5264,539,818,1357,835,7098,6099
175883,2001,3984,630,4614,4234,0,0,0,0,4614,4234
175917,2001,20,17,37,27,0,0,0,0,37,27
175926,2001,218,91,309,254,0,0,0,0,309,254
175935,2001,2401,844,3245,2736,0,0,0,0,3245,2736
175980,2001,1165,56,1221,1187,35,74,109,63,1330,1250
176008,2001,2611,335,2946,2744,0,0,0,0,2946,2744
176017,2001,9322,890,10212,9681,1638,776,2414,1921,12626,11602
176026,2001,413,9,422,417,1144,92,1236,1177,1658,1594
176035,2001,1481,685,2166,1757,70,92,162,103,2328,1860
176044,2001,2146,490,2636,2344,12,433,445,169,3081,2513
176053,2001,2017,272,2289,2124,487,447,934,659,3223,2783
176062,2001,37,,37,37,0,0,0,0,37,37
176071,2001,6131,3391,9522,7477,0,0,0,0,9522,7477
176080,2001,11917,1687,13604,12598,1695,1579,3274,2267,16878,14865
176169,2001,2574,329,2903,2705,0,0,0,0,2903,2705
176178,2001,3981,1666,5647,4642,0,0,0,0,5647,4642
176239,2001,2397,959,3356,2778,0,0,0,0,3356,2778
176318,2001,595,206,801,676,0,0,0,0,801,676
176336,2001,12,7,19,15,0,0,0,0,19,15
176354,2001,1448,324,1772,1577,0,0,0,0,1772,1577
176372,2001,10865,1979,12844,11664,1229,1160,2389,1649,15233,13313
176390,2001,126,,126,126,0,0,0,0,126,126
176406,2001,861,89,950,896,0,0,0,0,950,896
176415,2001,13,13,26,18,0,0,0,0,26,18
176451,2001,,,0,0,42,63,105,71,105,71
176460,2001,65,32,97,78,0,0,0,0,97,78
176479,2001,1297,332,1629,1427,286,450,736,458,2365,1885
176488,2001,184,26,210,194,0,0,0,0,210,194
176497,2001,33,14,47,39,0,0,0,0,47,39
176549,2001,593,,593,593,0,0,0,0,593,593
176600,2001,,,0,0,72,180,252,156,252,156
176619,2001,,,0,0,197,229,426,290,426,290
176628,2001,795,440,1235,968,58,351,409,192,1644,1160
176637,2001,598,2,600,599,0,0,0,0,600,599
176664,2001,649,84,733,682,12,18,30,19,763,701
176716,2001,19,26,45,29,0,0,0,0,45,29
176734,2001,25,,25,25,0,0,0,0,25,25
176770,2001,176,136,312,229,0,0,0,0,312,229
176789,2001,194,60,254,218,16,36,52,31,306,249
176798,2001,64,57,121,83,0,0,0,0,121,83
176804,2001,140,547,687,357,0,0,0,0,687,357
176910,2001,180,11,191,184,0,0,0,0,191,184
176938,2001,718,87,805,752,0,0,0,0,805,752
176947,2001,1077,147,1224,1135,1,54,55,22,1279,1157
176965,2001,7387,1681,9068,8065,311,1443,1754,833,10822,8898
176983,2001,76,,76,76,0,0,0,0,76,76
176992,2001,27,27,54,38,0,0,0,0,54,38
177038,2001,37,27,64,48,420,10,430,425,494,473
177056,2001,60,30,90,70,0,0,0,0,90,70
177065,2001,4941,3420,8361,6285,203,0,203,203,8564,6488
177074,2001,23,2,25,24,0,0,0,0,25,24
177083,2001,82,8,90,85,0,0,0,0,90,85
177092,2001,,,0,0,496,63,559,521,559,521
177117,2001,312,14,326,318,0,0,0,0,326,318
177126,2001,,,0,0,339,493,832,541,832,541
177135,2001,984,1028,2012,1392,0,0,0,0,2012,1392
177144,2001,745,76,821,775,0,0,0,0,821,775
177153,2001,157,86,243,191,0,0,0,0,243,191
177162,2001,1844,776,2620,2149,0,0,0,0,2620,2149
177214,2001,2366,1550,3916,2975,68,259,327,167,4243,3142
177250,2001,1375,2087,3462,2204,0,0,0,0,3462,2204
177278,2001,,,0,0,155,51,206,177,206,177
177287,2001,33,75,108,63,0,0,0,0,108,63
177302,2001,294,,294,294,0,0,0,0,294,294
177339,2001,1414,63,1477,1439,29,15,44,35,1521,1474
177418,2001,1117,399,1516,1274,355,321,676,478,2192,1752
177427,2001,,,0,0,237,5,242,239,242,239
177436,2001,27,2,29,28,0,0,0,0,29,28
177472,2001,3207,4364,7571,4940,0,0,0,0,7571,4940
177542,2001,706,393,1099,860,0,0,0,0,1099,860
177551,2001,701,1220,1921,1193,0,0,0,0,1921,1193
177579,2001,408,,408,408,0,0,0,0,408,408
177588,2001,55,50,105,75,0,0,0,0,105,75
177603,2001,60,9,69,64,0,0,0,0,69,64
177676,2001,2026,1873,3899,2770,0,0,0,0,3899,2770
177685,2001,29,,29,29,0,0,0,0,29,29
177719,2001,125,246,371,222,34,47,81,52,452,274
177746,2001,526,5,531,528,0,0,0,0,531,528
177807,2001,18,,18,18,0,0,0,0,18,18
177816,2001,,,0,0,77,0,77,77,77,77
177834,2001,,,0,0,938,202,1140,1015,1140,1015
177870,2001,13,6,19,15,0,0,0,0,19,15
177889,2001,22,,22,22,0,0,0,0,22,22
177922,2001,40,,40,40,0,0,0,0,40,40
177931,2001,36,6,42,38,0,0,0,0,42,38
177940,2001,2080,1044,3124,2501,26,182,208,92,3332,2593
177968,2001,3725,474,4199,3911,752,1495,2247,1323,6446,5234
177977,2001,731,85,816,765,0,0,0,0,816,765
177986,2001,63,22,85,72,707,29,736,723,821,795
177995,2001,2037,3755,5792,3528,0,0,0,0,5792,3528
178004,2001,34,22,56,43,0,0,0,0,56,43
178022,2001,1685,3360,5045,3019,0,0,0,0,5045,3019
178031,2001,25,,25,25,0,0,0,0,25,25
178059,2001,1418,1214,2632,1895,134,396,530,285,3162,2180
178077,2001,42,,42,42,0,0,0,0,42,42
178110,2001,85,6,91,87,0,0,0,0,91,87
178183,2001,166,43,209,183,0,0,0,0,209,183
178208,2001,6,76,82,36,143,222,365,247,447,283
178217,2001,1496,1382,2878,2045,0,0,0,0,2878,2045
178226,2001,7,,7,7,0,0,0,0,7,7
178244,2001,958,1776,2734,1656,96,275,371,201,3105,1857
178262,2001,26,,26,26,0,0,0,0,26,26
178305,2001,529,,529,529,0,0,0,0,529,529
178314,2001,48,,48,48,0,0,0,0,48,48
178332,2001,19,4,23,21,0,0,0,0,23,21
178341,2001,3863,2036,5899,4685,0,0,0,0,5899,4685
178350,2001,54,155,209,115,0,0,0,0,209,115
178369,2001,1305,272,1577,1412,0,0,0,0,1577,1412
178387,2001,3914,1188,5102,4393,0,0,0,0,5102,4393
178396,2001,17379,1052,18431,17804,3331,1905,5236,4030,23667,21834
178402,2001,4368,3931,8299,5954,2281,2389,4670,3156,12969,9110
178411,2001,3346,410,3756,3511,709,418,1127,860,4883,4371
178420,2001,5486,6765,12251,8216,691,2051,2742,1433,14993,9649
178448,2001,1465,1804,3269,2181,0,0,0,0,3269,2181
178457,2001,11,,11,11,0,0,0,0,11,11
178466,2001,107,3,110,108,0,0,0,0,110,108
178484,2001,137,,137,137,0,0,0,0,137,137
178518,2001,,,0,0,266,133,399,332,399,332
178527,2001,24,,24,24,0,0,0,0,24,24
178563,2001,58,14,72,64,0,0,0,0,72,64
178606,2001,39,,39,39,0,0,0,0,39,39
178615,2001,5516,169,5685,5584,192,128,320,238,6005,5822
178624,2001,4956,646,5602,5217,179,844,1023,484,6625,5701
178679,2001,625,119,744,672,0,0,0,0,744,672
178697,2001,1286,109,1395,1329,0,0,0,0,1395,1329
178721,2001,949,8313,9262,4215,3,217,220,86,9482,4301
178767,2001,97,67,164,124,0,0,0,0,164,124
178785,2001,1221,3155,4376,2474,0,0,0,0,4376,2474
178828,2001,25,,25,25,0,0,0,0,25,25
178891,2001,853,531,1384,1064,0,0,0,0,1384,1064
178989,2001,147,5,152,149,0,11,11,4,163,153
178998,2001,6,,6,6,0,0,0,0,6,6
179025,2001,28,,28,28,0,0,0,0,28,28
179043,2001,1214,797,2011,1527,211,508,719,405,2730,1932
179052,2001,361,3,364,362,0,0,0,0,364,362
179070,2001,300,155,455,361,0,0,0,0,455,361
179113,2001,5142,7154,12296,7983,0,0,0,0,12296,7983
179159,2001,5998,3606,9604,7415,2045,1872,3917,2795,13521,10210
179195,2001,30,,30,30,0,0,0,0,30,30
179201,2001,366,,366,366,0,0,0,0,366,366
179229,2001,26,,26,26,0,0,0,0,26,26
179238,2001,76,,76,76,0,0,0,0,76,76
179256,2001,128,93,221,165,0,0,0,0,221,165
179265,2001,,,0,0,66,6,72,69,72,69
179292,2001,2443,4481,6924,4222,0,0,0,0,6924,4222
179308,2001,1927,5003,6930,3913,0,0,0,0,6930,3913
179317,2001,,,0,0,154,174,328,235,328,235
179326,2001,1869,845,2714,2201,99,751,850,386,3564,2587
179344,2001,814,839,1653,1147,0,0,0,0,1653,1147
179399,2001,35,,35,35,0,0,0,0,35,35
179450,2001,100,15,115,106,0,0,0,0,115,106
179511,2001,359,7,366,362,0,0,0,0,366,362
179539,2001,1544,1811,3355,2263,0,0,0,0,3355,2263
179548,2001,436,182,618,507,35,16,51,41,669,548
179557,2001,6126,1968,8094,6920,222,1032,1254,595,9348,7515
179566,2001,12090,3057,15147,13324,916,2189,3105,1708,18252,15032
179645,2001,1388,1424,2812,1953,0,0,0,0,2812,1953
179715,2001,651,697,1348,928,0,0,0,0,1348,928
179724,2001,29,23,52,37,0,0,0,0,52,37
179742,2001,,,0,0,31,0,31,31,31,31
179812,2001,,,0,0,891,0,891,891,891,891
179867,2001,5909,863,6772,6248,4032,1383,5415,4562,12187,10810
179894,2001,2391,1369,3760,2929,3220,8422,11642,6438,15402,9367
179919,2001,124,188,312,199,0,0,0,0,312,199
179946,2001,750,20,770,758,0,0,0,0,770,758
179955,2001,1070,299,1369,1187,0,0,0,0,1369,1187
179964,2001,846,143,989,902,665,5,670,667,1659,1569
179991,2001,28,,28,28,0,0,0,0,28,28
180018,2001,101,,101,101,0,0,0,0,101,101
180045,2001,450,75,525,480,0,0,0,0,525,480
180054,2001,279,62,341,304,0,0,0,0,341,304
180063,2001,34,,34,34,0,0,0,0,34,34
180081,2001,349,77,426,380,0,0,0,0,426,380
180106,2001,1151,196,1347,1228,0,0,0,0,1347,1228
180124,2001,35,,35,35,0,0,0,0,35,35
180142,2001,11,,11,11,0,0,0,0,11,11
180151,2001,350,99,449,389,0,0,0,0,449,389
180160,2001,105,337,442,239,0,0,0,0,442,239
180179,2001,2568,779,3347,2882,182,289,471,287,3818,3169
180197,2001,834,1034,1868,1245,0,0,0,0,1868,1245
180203,2001,95,75,170,125,0,0,0,0,170,125
180212,2001,286,133,419,339,0,0,0,0,419,339
180249,2001,571,690,1261,845,0,0,0,0,1261,845
180258,2001,480,273,753,587,41,85,126,73,879,660
180276,2001,485,204,689,566,0,0,0,0,689,566
180328,2001,131,72,203,160,0,0,0,0,203,160
180373,2001,372,199,571,451,0,0,0,0,571,451
180391,2001,27,,27,27,0,0,0,0,27,27
180416,2001,1306,273,1579,1416,48,33,81,60,1660,1476
180461,2001,9091,1371,10462,9644,489,719,1208,749,11670,10393
180489,2001,9458,1370,10828,10011,1116,701,1817,1370,12645,11381
180522,2001,1060,368,1428,1209,18,143,161,70,1589,1279
180595,2001,686,81,767,718,0,0,0,0,767,718
180629,2001,9,,9,9,0,0,0,0,9,9
180638,2001,6,,6,6,0,0,0,0,6,6
180647,2001,530,446,976,705,0,0,0,0,976,705
180692,2001,891,272,1163,1001,0,0,0,0,1163,1001
180717,2001,27,11,38,31,0,0,0,0,38,31
180771,2001,90,,90,90,0,0,0,0,90,90
180814,2001,2117,1086,3203,2544,460,260,720,559,3923,3103
180832,2001,170,153,323,230,3,90,93,37,416,267
180878,2001,154,,154,154,0,0,0,0,154,154
180902,2001,2048,4351,6399,3776,0,0,0,0,6399,3776
180948,2001,1741,653,2394,2005,44,366,410,176,2804,2181
180957,2001,45,,45,45,0,0,0,0,45,45
180984,2001,1222,65,1287,1248,25,54,79,46,1366,1294
181002,2001,3268,411,3679,3429,2155,463,2618,2359,6297,5788
181011,2001,553,12,565,558,0,0,0,0,565,558
181020,2001,1311,228,1539,1401,224,402,626,378,2165,1779
181093,2001,385,134,519,438,19,57,76,41,595,479
181127,2001,1037,30,1067,1049,24,17,41,30,1108,1079
181136,2001,18,2,20,19,0,0,0,0,20,19
181145,2001,23,,23,23,0,0,0,0,23,23
181190,2001,279,,279,279,0,0,0,0,279,279
181215,2001,4762,645,5407,5022,202,817,1019,498,6426,5520
181242,2001,480,62,542,505,0,0,0,0,542,505
181251,2001,13,,13,13,0,0,0,0,13,13
181297,2001,216,131,347,267,33,0,33,33,380,300
181303,2001,3719,7985,11704,6890,0,0,0,0,11704,6890
181312,2001,1031,1785,2816,1740,0,0,0,0,2816,1740
181330,2001,941,50,991,961,0,0,0,0,991,961
181376,2001,132,15,147,138,0,0,0,0,147,138
181394,2001,7906,3232,11138,9210,696,2309,3005,1531,14143,10741
181400,2001,298,155,453,360,0,0,0,0,453,360
181419,2001,105,86,191,139,0,0,0,0,191,139
181428,2001,568,95,663,606,1745,316,2061,1860,2724,2466
181446,2001,1474,147,1621,1532,0,98,98,37,1719,1569
181464,2001,16109,1876,17985,16866,2517,2262,4779,3337,22764,20203
181491,2001,1805,2795,4600,2915,0,0,0,0,4600,2915
181534,2001,878,572,1450,1109,2,177,179,66,1629,1175
181543,2001,42,12,54,47,0,0,0,0,54,47
181604,2001,549,381,930,699,0,0,0,0,930,699
181640,2001,4419,3516,7935,5815,0,0,0,0,7935,5815
181677,2001,37,,37,37,0,0,0,0,37,37
181738,2001,778,107,885,820,0,0,0,0,885,820
181756,2001,198,,198,198,0,0,0,0,198,198
181765,2001,221,13,234,226,0,0,0,0,234,226
181783,2001,2588,247,2835,2688,35,441,476,195,3311,2883
181792,2001,9,,9,9,0,0,0,0,9,9
181817,2001,828,1322,2150,1353,0,0,0,0,2150,1353
181853,2001,385,28,413,396,0,0,0,0,413,396
181880,2001,103,21,124,111,0,0,0,0,124,111
181941,2001,183,,183,183,0,0,0,0,183,183
182005,2001,6114,25737,31851,16333,0,0,0,0,31851,16333
182111,2001,321,,321,321,0,0,0,0,321,321
182148,2001,625,579,1204,855,0,0,0,0,1204,855
182209,2001,115,,115,115,0,0,0,0,115,115
182281,2001,12234,6372,18606,14805,1340,3367,4707,2605,23313,17410
182290,2001,8271,2804,11075,9403,1306,1935,3241,2006,14316,11409
182306,2001,622,1848,2470,1368,0,0,0,0,2470,1368
182315,2001,35,,35,35,0,0,0,0,35,35
182430,2001,55,51,106,75,3,2,5,4,111,79
182458,2001,268,35,303,282,82,175,257,149,560,431
182485,2001,91,,91,91,0,0,0,0,91,91
182500,2001,1963,7734,9697,5034,0,0,0,0,9697,5034
182564,2001,752,4391,5143,2495,0,0,0,0,5143,2495
182634,2001,871,30,901,883,0,0,0,0,901,883
182652,2001,78,,78,78,0,0,0,0,78,78
182661,2001,692,370,1062,837,0,0,0,0,1062,837
182670,2001,4081,37,4118,4096,1307,70,1377,1334,5495,5430
182704,2001,31,51,82,51,0,0,0,0,82,51
182722,2001,39,60,99,63,0,0,0,0,99,63
182795,2001,1524,44,1568,1541,0,0,0,0,1568,1541
182810,2001,520,715,1235,801,50,153,203,108,1438,909
182829,2001,,,0,0,443,21,464,453,464,453
182865,2001,1707,986,2693,2094,0,0,0,0,2693,2094
182883,2001,30,,30,30,0,0,0,0,30,30
182892,2001,34,,34,34,0,0,0,0,34,34
182908,2001,5,9,14,9,0,0,0,0,14,9
182944,2001,1193,31,1224,1205,0,0,0,0,1224,1205
182953,2001,92,31,123,104,0,0,0,0,123,104
182980,2001,732,76,808,762,42,45,87,59,895,821
182999,2001,12,7,19,15,0,0,0,0,19,15
183026,2001,2431,1476,3907,3011,688,989,1677,1066,5584,4077
183044,2001,10570,1489,12059,11171,908,1799,2707,1559,14766,12730
183062,2001,3804,596,4400,4045,38,195,233,109,4633,4154
183080,2001,3312,253,3565,3414,45,808,853,337,4418,3751
183099,2001,1314,1992,3306,2105,0,0,0,0,3306,2105
183105,2001,529,1100,1629,966,0,0,0,0,1629,966
183132,2001,892,3085,3977,2117,0,0,0,0,3977,2117
183141,2001,477,1923,2400,1241,0,0,0,0,2400,1241
183169,2001,406,165,571,471,226,228,454,313,1025,784
183202,2001,27,,27,27,0,0,0,0,27,27
183211,2001,770,698,1468,1044,135,772,907,430,2375,1474
183239,2001,1888,76,1964,1918,0,0,0,0,1964,1918
183248,2001,14,97,111,53,0,0,0,0,111,53
183257,2001,78,1928,2006,856,1,88,89,33,2095,889
183275,2001,69,,69,69,0,0,0,0,69,69
183345,2001,103,37,140,118,0,0,0,0,140,118
183488,2001,384,,384,384,0,0,0,0,384,384
183600,2001,7,30,37,19,0,0,0,0,37,19
183655,2001,2182,3301,5483,3493,0,0,0,0,5483,3493
183725,2001,298,,298,298,0,0,0,0,298,298
183743,2001,5773,6372,12145,8303,0,0,0,0,12145,8303
183789,2001,1811,333,2144,1942,0,0,0,0,2144,1942
183804,2001,1520,16,1536,1526,1505,276,1781,1610,3317,3136
183822,2001,1251,518,1769,1454,0,0,0,0,1769,1454
183831,2001,148,98,246,187,0,0,0,0,246,187
183859,2001,5811,6065,11876,8219,0,0,0,0,11876,8219
183877,2001,2315,3869,6184,3851,0,0,0,0,6184,3851
183901,2001,157,,157,157,0,0,0,0,157,157
183910,2001,995,928,1923,1360,53,262,315,153,2238,1513
183938,2001,5934,6635,12569,8568,0,0,0,0,12569,8568
183974,2001,1080,373,1453,1227,16,168,184,80,1637,1307
183983,2001,73,,73,73,0,0,0,0,73,73
184010,2001,81,,81,81,0,0,0,0,81,81
184038,2001,26,125,151,76,0,0,0,0,151,76
184047,2001,601,1108,1709,1041,0,0,0,0,1709,1041
184056,2001,867,,867,867,0,0,0,0,867,867
184135,2001,965,,965,965,0,0,0,0,965,965
184144,2001,30,29,59,42,0,0,0,0,59,42
184153,2001,22,,22,22,0,0,0,0,22,22
184180,2001,3972,4218,8190,5647,0,0,0,0,8190,5647
184205,2001,1365,1403,2768,1922,0,0,0,0,2768,1922
184269,2001,2377,1535,3912,2980,0,0,0,0,3912,2980
184278,2001,59,,59,59,0,0,0,0,59,59
184320,2001,280,,280,280,0,0,0,0,280,280
184348,2001,1482,54,1536,1503,444,438,882,614,2418,2117
184357,2001,32,23,55,41,0,0,0,0,55,41
184427,2001,58,44,102,75,0,0,0,0,102,75
184481,2001,4924,4615,9539,6756,0,0,0,0,9539,6756
184506,2001,55,59,114,78,0,0,0,0,114,78
184603,2001,3849,2691,6540,4906,998,2014,3012,1767,9552,6673
184612,2001,958,662,1620,1218,3,96,99,40,1719,1258
184746,2001,13,6,19,15,0,0,0,0,19,15
184773,2001,1192,575,1767,1418,93,848,941,417,2708,1835
184782,2001,6454,1892,8346,7218,138,1304,1442,610,9788,7828
184791,2001,2490,2406,4896,3445,0,0,0,0,4896,3445
184816,2001,56,29,85,68,0,0,0,0,85,68
184870,2001,53,22,75,62,0,0,0,0,75,62
184959,2001,284,,284,284,0,0,0,0,284,284
184968,2001,100,16,116,106,0,0,0,0,116,106
184995,2001,3268,2017,5285,4069,0,0,0,0,5285,4069
185129,2001,3884,2201,6085,4772,85,2653,2738,1045,8823,5817
185174,2001,56,,56,56,0,0,0,0,56,56
185235,2001,136,182,318,208,0,0,0,0,318,208
185244,2001,1369,,1369,1369,0,0,0,0,1369,1369
185262,2001,6713,2754,9467,7824,470,2157,2627,1250,12094,9074
185332,2001,164,45,209,182,0,0,0,0,209,182
185396,2001,467,167,634,533,0,0,0,0,634,533
185466,2001,115,,115,115,0,0,0,0,115,115
185509,2001,2887,5245,8132,4970,0,0,0,0,8132,4970
185527,2001,25,14,39,31,0,0,0,0,39,31
185536,2001,5263,5539,10802,7462,0,0,0,0,10802,7462
185572,2001,3635,544,4179,3849,409,1165,1574,854,5753,4703
185590,2001,7986,2418,10404,8962,637,2814,3451,1655,13855,10617
185624,2001,98,,98,98,0,0,0,0,98,98
185651,2001,25,33,58,38,0,0,0,0,58,38
185679,2001,48,233,281,141,0,0,0,0,281,141
185721,2001,362,,362,362,0,0,0,0,362,362
185730,2001,45,44,89,62,0,0,0,0,89,62
185758,2001,,,0,0,24,206,230,125,230,125
185767,2001,223,,223,223,0,0,0,0,223,223
185828,2001,4123,1575,5698,4759,1261,1903,3164,1949,8862,6708
185873,2001,3545,3905,7450,5096,0,0,0,0,7450,5096
185916,2001,161,,161,161,0,0,0,0,161,161
185970,2001,57,31,88,69,0,0,0,0,88,69
186016,2001,115,87,202,150,0,0,0,0,202,150
186034,2001,1539,3590,5129,2964,0,0,0,0,5129,2964
186052,2001,246,110,356,290,0,0,0,0,356,290
186122,2001,,,0,0,610,130,740,661,740,661
186131,2001,4613,131,4744,4664,1924,0,1924,1924,6668,6588
186186,2001,273,,273,273,0,0,0,0,273,273
186201,2001,3514,1376,4890,4069,13,296,309,120,5199,4189
186274,2001,47,77,124,78,0,0,0,0,124,78
186283,2001,3448,858,4306,3785,226,924,1150,579,5456,4364
186335,2001,47,33,80,60,0,0,0,0,80,60
186371,2001,2734,943,3677,3115,674,746,1420,992,5097,4107
186380,2001,25663,2688,28351,26748,2792,4507,7299,4426,35650,31174
186399,2001,4425,1693,6118,5108,1248,2236,3484,2100,9602,7208
186405,2001,10,,10,10,0,0,0,0,10,10
186423,2001,34,,34,34,0,0,0,0,34,34
186432,2001,2098,488,2586,2290,96,543,639,303,3225,2593
186469,2001,498,731,1229,788,0,0,0,0,1229,788
186584,2001,4518,595,5113,4752,1640,2851,4491,2787,9604,7539
186593,2001,25,24,49,35,0,0,0,0,49,35
186618,2001,597,654,1251,854,34,456,490,208,1741,1062
186645,2001,2075,3755,5830,3566,0,0,0,0,5830,3566
186830,2001,135,59,194,158,0,0,0,0,194,158
186849,2001,216,93,309,253,0,0,0,0,309,253
186867,2001,1649,6,1655,1651,428,2190,2618,1265,4273,2916
186876,2001,5025,1111,6136,5473,94,229,323,177,6459,5650
186885,2001,110,,110,110,0,0,0,0,110,110
186900,2001,19,,19,19,0,0,0,0,19,19
187000,2001,161,,161,161,0,0,0,0,161,161
187046,2001,,8152,8152,3290,0,183,183,66,8335,3356
187134,2001,5627,344,5971,5766,103,772,875,382,6846,6148
187161,2001,146,176,322,216,0,0,0,0,322,216
187198,2001,4654,4296,8950,6360,0,0,0,0,8950,6360
187222,2001,616,175,791,687,3200,669,3869,3442,4660,4129
187444,2001,6811,2051,8862,7639,262,1342,1604,747,10466,8386
187505,2001,59,1,60,59,0,0,0,0,60,59
187514,2001,33,,33,33,0,0,0,0,33,33
187532,2001,5804,13076,18880,10996,0,0,0,0,18880,10996
187596,2001,224,75,299,254,0,0,0,0,299,254
187602,2001,105,,105,105,0,0,0,0,105,105
187620,2001,1305,3412,4717,2660,0,0,0,0,4717,2660
187639,2001,954,1765,2719,1655,0,0,0,0,2719,1655
187648,2001,2507,460,2967,2693,114,475,589,286,3556,2979
187666,2001,1270,1396,2666,1824,0,0,0,0,2666,1824
187675,2001,53,,53,53,0,0,0,0,53,53
187745,2001,44,,44,44,0,0,0,0,44,44
187754,2001,180,,180,180,0,0,0,0,180,180
187879,2001,33,2,35,34,0,0,0,0,35,34
187897,2001,1271,615,1886,1519,365,1113,1478,768,3364,2287
187903,2001,1227,2032,3259,2034,0,0,0,0,3259,2034
187912,2001,423,,423,423,0,0,0,0,423,423
187958,2001,847,1631,2478,1495,0,0,0,0,2478,1495
187967,2001,950,293,1243,1068,242,91,333,275,1576,1343
187976,2001,215,607,822,456,0,0,0,0,822,456
187985,2001,12690,3751,16441,14204,3288,4024,7312,4760,23753,18964
187994,2001,701,1043,1744,1115,0,0,0,0,1744,1115
188003,2001,510,501,1011,709,0,0,0,0,1011,709
188021,2001,263,357,620,405,0,0,0,0,620,405
188030,2001,10589,1995,12584,11394,1315,1325,2640,1794,15224,13188
188049,2001,769,697,1466,1046,0,0,0,0,1466,1046
188058,2001,525,476,1001,714,0,0,0,0,1001,714
188085,2001,3,51,54,23,0,0,0,0,54,23
188100,2001,2195,2363,4558,3133,0,0,0,0,4558,3133
188137,2001,517,2438,2955,1485,0,0,0,0,2955,1485
188146,2001,655,639,1294,906,123,171,294,188,1588,1094
188182,2001,310,141,451,365,68,121,189,114,640,479
188207,2001,,,0,0,70,50,120,89,120,89
188216,2001,578,145,723,636,0,0,0,0,723,636
188225,2001,263,949,1212,640,0,0,0,0,1212,640
188261,2001,177,297,474,295,0,0,0,0,474,295
188304,2001,1194,742,1936,1493,75,478,553,248,2489,1741
188322,2001,5,163,168,70,0,0,0,0,168,70
188340,2001,1032,347,1379,1168,0,0,0,0,1379,1168
188429,2001,2716,675,3391,2981,572,2470,3042,1516,6433,4497
188438,2001,1752,1454,3206,2329,0,0,0,0,3206,2329
188465,2001,545,75,620,574,0,0,0,0,620,574
188517,2001,238,69,307,265,0,0,0,0,307,265
188526,2001,582,6,588,584,124,0,124,124,712,708
188535,2001,,,0,0,703,70,773,740,773,740
188580,2001,,,0,0,626,7,633,629,633,629
188641,2001,1306,83,1389,1339,96,135,231,148,1620,1487
188650,2001,311,,311,311,0,0,0,0,311,311
188669,2001,44,,44,44,0,0,0,0,44,44
188678,2001,197,,197,197,0,0,0,0,197,197
188687,2001,130,,130,130,0,0,0,0,130,130
188696,2001,42,,42,42,0,0,0,0,42,42
188854,2001,615,,615,615,0,0,0,0,615,615
188890,2001,615,348,963,753,0,0,0,0,963,753
188915,2001,42,1,43,42,0,0,0,0,43,42
188924,2001,14,,14,14,0,0,0,0,14,14
188942,2001,108,,108,108,0,0,0,0,108,108
188988,2001,60,4,64,62,0,0,0,0,64,62
189015,2001,,,0,0,368,684,1052,629,1052,629
189088,2001,1279,57,1336,1301,161,11,172,165,1508,1466
189097,2001,2213,48,2261,2232,0,0,0,0,2261,2232
189103,2001,45,,45,45,0,0,0,0,45,45
189158,2001,30,,30,30,0,0,0,0,30,30
189219,2001,117,,117,117,0,0,0,0,117,117
189228,2001,1512,154,1666,1572,0,0,0,0,1666,1572
189246,2001,574,93,667,611,0,0,0,0,667,611
189264,2001,72,,72,72,0,0,0,0,72,72
189273,2001,99,,99,99,34,0,34,34,133,133
189282,2001,28,64,92,53,0,0,0,0,92,53
189404,2001,71,26,97,81,0,0,0,0,97,81
189413,2001,1128,,1128,1128,35,0,35,35,1163,1163
189422,2001,580,47,627,599,0,0,0,0,627,599
189459,2001,2108,500,2608,2304,0,0,0,0,2608,2304
189468,2001,39,32,71,52,0,0,0,0,71,52
189501,2001,,,0,0,1073,443,1516,1315,1516,1315
189547,2001,3395,2423,5818,4357,0,0,0,0,5818,4357
189556,2001,95,170,265,162,0,0,0,0,265,162
189565,2001,236,35,271,250,0,0,0,0,271,250
189574,2001,299,47,346,318,0,0,0,0,346,318
189583,2001,378,60,438,402,0,0,0,0,438,402
189592,2001,168,47,215,187,0,0,0,0,215,187
189653,2001,24,,24,24,0,0,0,0,24,24
189705,2001,2985,397,3382,3141,702,790,1492,1004,4874,4145
189714,2001,20,53,73,41,0,0,0,0,73,41
189787,2001,769,68,837,796,0,0,0,0,837,796
189802,2001,4,,4,4,5,0,5,5,9,9
189811,2001,40,49,89,59,0,0,0,0,89,59
189839,2001,1492,1247,2739,1987,0,0,0,0,2739,1987
189848,2001,741,106,847,783,0,0,0,0,847,783
189857,2001,393,,393,393,45,0,45,45,438,438
189954,2001,24,,24,24,0,0,0,0,24,24
189981,2001,,,0,0,29,68,97,55,97,55
190008,2001,87,,87,87,0,0,0,0,87,87
190044,2001,2579,31,2610,2591,303,36,339,317,2949,2908
190053,2001,1103,749,1852,1400,0,0,0,0,1852,1400
190071,2001,68,51,119,88,0,0,0,0,119,88
190080,2001,,,0,0,66,59,125,93,125,93
190099,2001,2776,38,2814,2791,4,3,7,5,2821,2796
190114,2001,922,17,939,929,227,0,227,227,1166,1156
190150,2001,5908,959,6867,6285,11026,1817,12843,11722,19710,18007
190169,2001,825,799,1624,1142,0,0,0,0,1624,1142
190239,2001,105,77,182,136,0,0,0,0,182,136
190248,2001,542,120,662,589,0,0,0,0,662,589
190293,2001,33,48,81,52,0,0,0,0,81,52
190309,2001,15,26,41,25,0,0,0,0,41,25
190318,2001,101,83,184,134,0,0,0,0,184,134
190372,2001,857,21,878,865,12,16,28,18,906,883
190381,2001,139,,139,139,0,0,0,0,139,139
190415,2001,8581,6,8587,8583,3846,5,3851,3848,12438,12431
190424,2001,92,,92,92,666,0,666,666,758,758
190433,2001,5197,,5197,5197,1762,0,1762,1762,6959,6959
190442,2001,2176,2516,4692,3175,0,0,0,0,4692,3175
190451,2001,85,69,154,112,0,0,0,0,154,112
190503,2001,2012,,2012,2012,0,0,0,0,2012,2012
190512,2001,8933,4036,12969,10562,987,1817,2804,1644,15773,12206
190521,2001,9840,6185,16025,12296,0,0,0,0,16025,12296
190530,2001,4332,2610,6942,5368,0,0,0,0,6942,5368
190549,2001,6717,3395,10112,8087,330,4695,5025,2028,15137,10115
190558,2001,6269,3645,9914,7740,99,1312,1411,574,11325,8314
190567,2001,5047,2922,7969,6226,200,2209,2409,999,10378,7225
190576,2001,,,0,0,3179,524,3703,3369,3703,3369
190585,2001,2456,827,3283,2784,0,0,0,0,3283,2784
190594,2001,10086,5616,15702,12352,811,3884,4695,2216,20397,14568
190600,2001,7089,3339,10428,8436,236,805,1041,527,11469,8963
190619,2001,7784,7298,15082,10682,0,0,0,0,15082,10682
190628,2001,6908,4519,11427,8702,0,0,0,0,11427,8702
190637,2001,3871,3051,6922,5102,114,1853,1967,784,8889,5886
190646,2001,2574,2141,4715,3438,0,0,0,0,4715,3438
190655,2001,7407,3621,11028,8868,0,0,0,0,11028,8868
190664,2001,7183,4030,11213,8809,305,3873,4178,1706,15391,10515
190673,2001,5593,5146,10739,7636,0,0,0,0,10739,7636
190682,2001,,,0,0,439,4,443,441,443,441
190691,2001,2844,2364,5208,3798,0,0,0,0,5208,3798
190707,2001,19,,19,19,0,0,0,0,19,19
190716,2001,737,224,961,825,1103,422,1525,1264,2486,2089
190725,2001,1423,456,1879,1602,26,83,109,58,1988,1660
190734,2001,30,,30,30,9,0,9,9,39,39
190761,2001,756,745,1501,1049,36,81,117,67,1618,1116
190770,2001,1807,878,2685,2152,413,2482,2895,1361,5580,3513
190789,2001,588,,588,588,0,0,0,0,588,588
190798,2001,186,102,288,226,0,0,0,0,288,226
190804,2001,464,34,498,477,0,0,0,0,498,477
190840,2001,3218,3763,6981,4712,0,0,0,0,6981,4712
190956,2001,45,21,66,53,0,0,0,0,66,53
190974,2001,180,79,259,211,0,0,0,0,259,211
190983,2001,1229,352,1581,1367,30,327,357,155,1938,1522
191083,2001,7190,3859,11049,8722,0,0,0,0,11049,8722
191126,2001,6367,4313,10680,8107,42,64,106,65,10786,8172
191153,2001,36,,36,36,0,0,0,0,36,36
191199,2001,2285,2468,4753,3265,0,0,0,0,4753,3265
191205,2001,996,33,1029,1009,2,52,54,22,1083,1031
191241,2001,6283,779,7062,6589,3144,3637,6781,4594,13843,11183
191287,2001,128,124,252,177,0,0,0,0,252,177
191302,2001,1318,631,1949,1569,0,0,0,0,1949,1569
191311,2001,55,,55,55,0,0,0,0,55,55
191320,2001,,,0,0,118,36,154,132,154,132
191339,2001,2225,2584,4809,3251,0,0,0,0,4809,3251
191384,2001,116,,116,116,0,0,0,0,116,116
191393,2001,151,,151,151,0,0,0,0,151,151
191515,2001,1732,23,1755,1741,0,0,0,0,1755,1741
191533,2001,1310,136,1446,1363,0,0,0,0,1446,1363
191597,2001,149,147,296,207,0,0,0,0,296,207
191612,2001,1992,881,2873,2342,0,0,0,0,2873,2342
191621,2001,651,313,964,774,0,0,0,0,964,774
191630,2001,1859,1,1860,1859,0,0,0,0,1860,1859
191649,2001,8406,1239,9645,8893,1806,1977,3783,2562,13428,11455
191676,2001,1356,66,1422,1382,0,0,0,0,1422,1382
191719,2001,5070,5041,10111,7072,0,0,0,0,10111,7072
191728,2001,213,,213,213,0,0,0,0,213,213
191764,2001,92,137,229,146,0,0,0,0,229,146
191834,2001,223,94,317,260,0,0,0,0,317,260
191861,2001,108,139,247,163,40,43,83,56,330,219
191870,2001,658,9,667,662,0,0,0,0,667,662
191931,2001,2921,496,3417,3116,53,918,971,404,4388,3520
191940,2001,39,52,91,60,0,0,0,0,91,60
191959,2001,241,,241,241,0,0,0,0,241,241
191968,2001,6078,131,6209,6129,235,39,274,250,6483,6379
191986,2001,1890,2037,3927,2699,0,0,0,0,3927,2699
192004,2001,298,,298,298,0,0,0,0,298,298
192022,2001,1824,1778,3602,2530,0,0,0,0,3602,2530
192040,2001,160,13,173,165,205,148,353,263,526,428
192110,2001,505,206,711,586,277,30,307,288,1018,874
192147,2001,3561,,3561,3561,0,0,0,0,3561,3561
192156,2001,171,,171,171,0,0,0,0,171,171
192165,2001,118,,118,118,236,0,236,236,354,354
192192,2001,1032,31,1063,1044,0,0,0,0,1063,1044
192244,2001,29,,29,29,5,1,6,5,35,34
192271,2001,338,2,340,339,0,0,0,0,340,339
192323,2001,2150,295,2445,2266,58,663,721,311,3166,2577
192439,2001,4421,1035,5456,4828,1264,1278,2542,1753,7998,6581
192448,2001,3868,2628,6496,4900,861,2776,3637,1922,10133,6822
192466,2001,1181,1870,3051,1916,64,169,233,129,3284,2045
192475,2001,21,49,70,40,0,0,0,0,70,40
192484,2001,71,53,124,92,0,0,0,0,124,92
192509,2001,21,12,33,26,0,0,0,0,33,26
192536,2001,19,,19,19,0,0,0,0,19,19
192554,2001,,,0,0,37,397,434,189,434,189
192563,2001,21,69,90,48,144,707,851,414,941,462
192624,2001,127,,127,127,0,0,0,0,127,127
192688,2001,573,107,680,615,0,0,0,0,680,615
192703,2001,2447,161,2608,2510,69,269,338,172,2946,2682
192712,2001,372,23,395,381,422,14,436,427,831,808
192749,2001,1408,170,1578,1475,149,741,890,432,2468,1907
192785,2001,251,437,688,425,0,0,0,0,688,425
192800,2001,22,,22,22,0,0,0,0,22,22
192819,2001,4017,630,4647,4264,150,698,848,417,5495,4681
192828,2001,35,25,60,45,0,0,0,0,60,45
192855,2001,827,174,1001,895,0,0,0,0,1001,895
192864,2001,1828,879,2707,2173,0,0,0,0,2707,2173
192925,2001,1306,206,1512,1387,124,152,276,182,1788,1569
192961,2001,29,34,63,42,0,0,0,0,63,42
192970,2001,12,,12,12,0,0,0,0,12,12
192998,2001,22,21,43,30,0,0,0,0,43,30
193016,2001,4296,2686,6982,5351,715,1823,2538,1411,9520,6762
193052,2001,202,29,231,213,98,10,108,103,339,316
193061,2001,33,,33,33,10,0,10,10,43,43
193070,2001,56,,56,56,23,0,23,23,79,79
193089,2001,63,38,101,78,0,0,0,0,101,78
193122,2001,62,,62,62,0,0,0,0,62,62
193186,2001,24,21,45,32,0,0,0,0,45,32
193201,2001,387,,387,387,0,0,0,0,387,387
193247,2001,232,,232,232,57,0,57,57,289,289
193265,2001,30,7,37,33,0,0,0,0,37,33
193283,2001,3441,2102,5543,4276,0,0,0,0,5543,4276
193292,2001,1449,561,2010,1669,61,467,528,239,2538,1908
193308,2001,2974,475,3449,3161,0,0,0,0,3449,3161
193317,2001,952,208,1160,1034,0,0,0,0,1160,1034
193326,2001,7929,8228,16157,11196,0,0,0,0,16157,11196
193344,2001,9,,9,9,0,0,0,0,9,9
193353,2001,1458,457,1915,1638,25,426,451,188,2366,1826
193380,2001,17,22,39,26,0,0,0,0,39,26
193399,2001,933,226,1159,1022,29,191,220,102,1379,1124
193405,2001,,,0,0,610,0,610,610,610,610
193478,2001,11007,8705,19712,14463,0,0,0,0,19712,14463
193584,2001,1638,260,1898,1740,248,961,1209,615,3107,2355
193609,2001,91,,91,91,0,0,0,0,91,91
193645,2001,4361,762,5123,4660,143,1454,1597,699,6720,5359
193654,2001,3451,1295,4746,3960,1964,1157,3121,2406,7867,6366
193672,2001,67,22,89,76,0,0,0,0,89,76
193751,2001,,,0,0,726,3,729,728,729,728
193788,2001,845,71,916,873,0,0,0,0,916,873
193821,2001,,,0,0,947,455,1402,1195,1402,1195
193830,2001,,,0,0,964,519,1483,1162,1483,1162
193858,2001,179,134,313,232,0,0,0,0,313,232
193894,2001,,,0,0,176,117,293,232,293,232
193900,2001,16962,2066,19028,17774,10163,7943,18106,13211,37134,30985
193946,2001,3041,1874,4915,3785,0,0,0,0,4915,3785
193973,2001,2268,192,2460,2343,458,360,818,596,3278,2939
193991,2001,17,1,18,17,0,0,0,0,18,17
194028,2001,792,425,1217,961,0,0,0,0,1217,961
194073,2001,,,0,0,327,8,335,331,335,331
194091,2001,2157,904,3061,2512,1590,1130,2720,2022,5781,4534
194107,2001,1261,399,1660,1418,301,351,652,435,2312,1853
194116,2001,130,564,694,352,12,0,12,12,706,364
194152,2001,700,26,726,710,85,12,97,89,823,799
194161,2001,1717,180,1897,1788,187,370,557,346,2454,2134
194189,2001,78,,78,78,0,0,0,0,78,78
194204,2001,49,,49,49,0,0,0,0,49,49
194222,2001,4034,4146,8180,5680,0,0,0,0,8180,5680
194240,2001,2680,2852,5532,3812,0,0,0,0,5532,3812
194259,2001,27,,27,27,0,0,0,0,27,27
194310,2001,6831,2082,8913,7649,1548,2875,4423,2701,13336,10350
194392,2001,354,,354,354,0,0,0,0,354,354
194435,2001,51,61,112,75,0,0,0,0,112,75
194453,2001,95,5,100,97,0,0,0,0,100,97
194499,2001,752,,752,752,0,0,0,0,752,752
194541,2001,1582,127,1709,1632,533,809,1342,842,3051,2474
194569,2001,214,31,245,226,0,0,0,0,245,226
194578,2001,2618,391,3009,2772,875,459,1334,1050,4343,3822
194611,2001,512,8,520,515,0,0,0,0,520,515
194657,2001,224,,224,224,87,0,87,87,311,311
194666,2001,250,,250,250,45,0,45,45,295,295
194675,2001,153,,153,153,37,0,37,37,190,190
194693,2001,32,,32,32,1,0,1,1,33,33
194709,2001,96,,96,96,7,0,7,7,103,103
194718,2001,26,,26,26,1,0,1,1,27,27
194736,2001,127,,127,127,0,0,0,0,127,127
194763,2001,295,,295,295,114,0,114,114,409,409
194824,2001,5185,76,5261,5215,1499,1324,2823,2005,8084,7220
194879,2001,67,34,101,80,0,0,0,0,101,80
194958,2001,1122,113,1235,1166,214,248,462,309,1697,1475
194967,2001,734,161,895,798,0,0,0,0,895,798
195003,2001,9967,2062,12029,10777,1024,1377,2401,1550,14430,12327
195030,2001,4440,225,4665,4528,2520,1166,3686,2965,8351,7493
195058,2001,3596,2664,6260,4654,0,0,0,0,6260,4654
195067,2001,199,137,336,253,0,0,0,0,336,253
195128,2001,742,55,797,764,0,0,0,0,797,764
195137,2001,911,642,1553,1163,258,726,984,535,2537,1698
195155,2001,,,0,0,3,183,186,77,186,77
195164,2001,2076,88,2164,2111,294,252,546,390,2710,2501
195173,2001,2009,442,2451,2183,0,0,0,0,2451,2183
195191,2001,96,45,141,114,0,0,0,0,141,114
195216,2001,1945,25,1970,1955,23,106,129,63,2099,2018
195234,2001,2288,568,2856,2511,301,1254,1555,780,4411,3291
195243,2001,1262,682,1944,1530,36,160,196,97,2140,1627
195289,2001,40,46,86,58,0,0,0,0,86,58
195304,2001,1143,71,1214,1171,226,113,339,269,1553,1440
195322,2001,1765,1761,3526,2464,0,0,0,0,3526,2464
195429,2001,,,0,0,37,107,144,78,144,78
195438,2001,141,,141,141,16,0,16,16,157,157
195474,2001,2918,461,3379,3099,0,5,5,2,3384,3101
195492,2001,32,11,43,36,0,0,0,0,43,36
195526,2001,2250,237,2487,2343,0,56,56,21,2543,2364
195544,2001,515,608,1123,754,54,12,66,59,1189,813
195562,2001,2333,983,3316,2719,20,108,128,61,3444,2780
195571,2001,,,0,0,59,69,128,85,128,85
195580,2001,,,0,0,80,9,89,84,89,84
195623,2001,17,80,97,49,0,0,0,0,97,49
195669,2001,14,14,28,20,0,0,0,0,28,20
195711,2001,23,,23,23,0,0,0,0,23,23
195720,2001,1924,426,2350,2091,118,500,618,309,2968,2400
195784,2001,24,40,64,40,0,0,0,0,64,40
195793,2001,22,,22,22,0,0,0,0,22,22
195809,2001,11602,2883,14485,12735,1397,2741,4138,2491,18623,15226
195845,2001,428,86,514,462,0,0,0,0,514,462
195924,2001,164,42,206,181,0,0,0,0,206,181
195933,2001,127,138,265,182,0,0,0,0,265,182
195988,2001,957,634,1591,1209,0,0,0,0,1591,1209
196006,2001,2732,309,3041,2857,0,0,0,0,3041,2857
196015,2001,1749,474,2223,1940,0,0,0,0,2223,1940
196024,2001,1973,278,2251,2085,0,0,0,0,2251,2085
196033,2001,2274,178,2452,2346,0,0,0,0,2452,2346
196042,2001,3350,2099,5449,4197,0,0,0,0,5449,4197
196051,2001,2617,513,3130,2824,0,0,0,0,3130,2824
196060,2001,10751,1133,11884,11208,2186,3134,5320,3320,17204,14528
196079,2001,9837,330,10167,9970,1440,1213,2653,1879,12820,11849
196088,2001,15320,1969,17289,16115,5348,3201,8549,6510,25838,22625
196097,2001,12339,1307,13646,12866,3251,3958,7209,4683,20855,17549
196103,2001,1143,50,1193,1163,301,354,655,429,1848,1592
196112,2001,1183,863,2046,1531,126,365,491,258,2537,1789
196121,2001,5780,984,6764,6177,295,1575,1870,865,8634,7042
196130,2001,7848,1742,9590,8551,402,1751,2153,1035,11743,9586
196149,2001,5567,283,5850,5681,304,1551,1855,865,7705,6546
196158,2001,4634,273,4907,4744,100,298,398,208,5305,4952
196167,2001,5245,126,5371,5296,53,225,278,134,5649,5430
196176,2001,5192,861,6053,5539,453,1332,1785,935,7838,6474
196185,2001,5254,208,5462,5338,58,222,280,138,5742,5476
196194,2001,6376,686,7062,6653,342,1003,1345,705,8407,7358
196200,2001,3307,168,3475,3375,438,412,850,587,4325,3962
196219,2001,3043,823,3866,3375,133,19,152,140,4018,3515
196228,2001,,,0,0,285,0,285,285,285,285
196237,2001,2332,745,3077,2633,0,0,0,0,3077,2633
196246,2001,4998,384,5382,5153,289,565,854,493,6236,5646
196255,2001,164,165,329,231,907,215,1122,985,1451,1216
196264,2001,2285,5775,8060,4615,28,307,335,139,8395,4754
196291,2001,632,25,657,642,53,87,140,84,797,726
196307,2001,147,120,267,195,776,88,864,808,1131,1003
196389,2001,548,185,733,621,0,0,0,0,733,621
196413,2001,11410,1054,12464,11824,2933,2675,5608,3963,18072,15787
196431,2001,320,,320,320,0,0,0,0,320,320
196440,2001,15,,15,15,6,0,6,6,21,21
196459,2001,600,,600,600,0,0,0,0,600,600
196468,2001,,,0,0,2470,2415,4885,3393,4885,3393
196477,2001,4047,272,4319,4155,0,0,0,0,4319,4155
196565,2001,1750,1139,2889,2202,0,0,0,0,2889,2202
196583,2001,183,,183,183,5,0,5,5,188,188
196592,2001,6060,941,7001,6430,1612,2107,3719,2477,10720,8907
196635,2001,172,37,209,187,0,0,0,0,209,187
196644,2001,53,33,86,66,0,0,0,0,86,66
196653,2001,433,266,699,539,0,0,0,0,699,539
196662,2001,9,9,18,13,0,0,0,0,18,13
196699,2001,1402,1511,2913,2002,0,0,0,0,2913,2002
196857,2001,365,236,601,459,0,0,0,0,601,459
196866,2001,2082,36,2118,2096,143,166,309,206,2427,2302
196884,2001,,,0,0,184,103,287,228,287,228
197018,2001,1584,,1584,1584,148,0,148,148,1732,1732
197027,2001,850,,850,850,0,0,0,0,850,850
197036,2001,4152,,4152,4152,0,0,0,0,4152,4152
197045,2001,1815,328,2143,1944,40,103,143,79,2286,2023
197081,2001,349,158,507,412,0,0,0,0,507,412
197090,2001,33,,33,33,0,0,0,0,33,33
197133,2001,2377,62,2439,2401,0,0,0,0,2439,2401
197142,2001,293,130,423,345,0,0,0,0,423,345
197151,2001,2887,2586,5473,3903,282,37,319,296,5792,4199
197188,2001,21,,21,21,0,0,0,0,21,21
197197,2001,1290,57,1347,1312,139,214,353,221,1700,1533
197221,2001,73,,73,73,0,0,0,0,73,73
197230,2001,427,16,443,433,0,0,0,0,443,433
197285,2001,1091,22,1113,1100,0,0,0,0,1113,1100
197294,2001,4780,6245,11025,7260,0,0,0,0,11025,7260
197337,2001,22,23,45,31,0,0,0,0,45,31
197522,2001,552,,552,552,0,0,0,0,552,552
197531,2001,671,,671,671,0,0,0,0,671,671
197601,2001,51,,51,51,7,0,7,7,58,58
197610,2001,31,,31,31,24,1,25,24,56,55
197647,2001,122,2,124,123,28,18,46,35,170,158
197674,2001,172,,172,172,30,0,30,30,202,202
197692,2001,98,,98,98,48,0,48,48,146,146
197708,2001,2779,41,2820,2795,2569,610,3179,2816,5999,5611
197735,2001,321,,321,321,107,0,107,107,428,428
197744,2001,129,,129,129,38,2,40,39,169,168
197814,2001,831,1527,2358,1437,0,0,0,0,2358,1437
197832,2001,258,143,401,315,0,0,0,0,401,315
197850,2001,746,1129,1875,1194,0,0,0,0,1875,1194
197869,2001,11343,1217,12560,11834,555,647,1202,789,13762,12623
197887,2001,1866,3582,5448,3288,0,0,0,0,5448,3288
197902,2001,61,56,117,83,0,0,0,0,117,83
197911,2001,960,259,1219,1062,0,0,0,0,1219,1062
197948,2001,559,12,571,564,0,0,0,0,571,564
197957,2001,62,51,113,82,0,0,0,0,113,82
197966,2001,708,1001,1709,1105,0,0,0,0,1709,1105
197984,2001,752,118,870,798,0,0,0,0,870,798
197993,2001,513,8,521,516,0,0,0,0,521,516
198011,2001,635,398,1033,793,0,0,0,0,1033,793
198039,2001,668,1241,1909,1161,0,0,0,0,1909,1161
198066,2001,654,47,701,672,0,0,0,0,701,672
198075,2001,169,2,171,170,0,0,0,0,171,170
198084,2001,470,508,978,672,0,0,0,0,978,672
198109,2001,162,118,280,208,0,0,0,0,280,208
198118,2001,1617,2019,3636,2419,0,0,0,0,3636,2419
198136,2001,4222,891,5113,4572,867,542,1409,1082,6522,5654
198154,2001,2901,3150,6051,4152,0,0,0,0,6051,4152
198206,2001,630,1036,1666,1041,0,0,0,0,1666,1041
198215,2001,1385,50,1435,1405,0,18,18,7,1453,1412
198233,2001,1524,2419,3943,2484,0,0,0,0,3943,2484
198242,2001,101,37,138,116,0,0,0,0,138,116
198251,2001,1808,2254,4062,2703,0,0,0,0,4062,2703
198260,2001,4952,10696,15648,9199,0,0,0,0,15648,9199
198303,2001,696,30,726,708,0,0,0,0,726,708
198321,2001,1036,1654,2690,1693,0,0,0,0,2690,1693
198330,2001,1708,2325,4033,2631,0,0,0,0,4033,2631
198349,2001,37,,37,37,0,0,0,0,37,37
198367,2001,853,1694,2547,1526,0,0,0,0,2547,1526
198376,2001,980,1727,2707,1666,0,0,0,0,2707,1666
198385,2001,1672,1,1673,1672,0,0,0,0,1673,1672
198419,2001,6146,57,6203,6168,5456,267,5723,5559,11926,11727
198455,2001,1347,3992,5339,2932,0,0,0,0,5339,2932
198464,2001,14279,1181,15460,14756,1670,2282,3952,2495,19412,17251
198491,2001,729,1303,2032,1246,0,0,0,0,2032,1246
198507,2001,1757,219,1976,1845,0,28,28,10,2004,1855
198516,2001,4064,96,4160,4102,85,96,181,122,4341,4224
198525,2001,65,15,80,71,0,0,0,0,80,71
198534,2001,3457,5293,8750,5559,0,0,0,0,8750,5559
198543,2001,3174,917,4091,3544,159,760,919,434,5010,3978
198552,2001,2164,4081,6245,3784,0,0,0,0,6245,3784
198561,2001,2133,445,2578,2308,165,801,966,487,3544,2795
198570,2001,2014,2160,4174,2872,0,0,0,0,4174,2872
198589,2001,69,50,119,89,0,0,0,0,119,89
198598,2001,889,250,1139,987,0,0,0,0,1139,987
198613,2001,1307,183,1490,1379,0,0,0,0,1490,1379
198622,2001,3656,4989,8645,5637,0,0,0,0,8645,5637
198631,2001,34,,34,34,0,0,0,0,34,34
198640,2001,912,645,1557,1168,0,0,0,0,1557,1168
198668,2001,754,1058,1812,1174,0,0,0,0,1812,1174
198677,2001,33,14,47,38,0,0,0,0,47,38
198695,2001,2315,275,2590,2423,18,144,162,73,2752,2496
198710,2001,864,937,1801,1236,0,0,0,0,1801,1236
198729,2001,564,814,1378,887,0,0,0,0,1378,887
198747,2001,139,39,178,154,0,0,0,0,178,154
198756,2001,1493,102,1595,1533,0,0,0,0,1595,1533
198774,2001,1356,1945,3301,2128,0,0,0,0,3301,2128
198808,2001,762,30,792,774,0,0,0,0,792,774
198817,2001,1166,1131,2297,1615,0,0,0,0,2297,1615
198835,2001,1160,156,1316,1221,19,121,140,65,1456,1286
198844,2001,57,43,100,74,0,0,0,0,100,74
198862,2001,295,10,305,299,105,30,135,120,440,419
198871,2001,441,23,464,450,0,0,0,0,464,450
198899,2001,1101,141,1242,1156,0,0,0,0,1242,1156
198905,2001,362,364,726,507,0,0,0,0,726,507
198914,2001,470,877,1347,818,0,0,0,0,1347,818
198923,2001,535,664,1199,799,0,0,0,0,1199,799
198941,2001,37,74,111,66,0,0,0,0,111,66
198950,2001,1792,515,2307,1994,12,147,159,68,2466,2062
198969,2001,1641,492,2133,1834,10,0,10,10,2143,1844
198978,2001,225,184,409,298,0,0,0,0,409,298
198987,2001,930,1230,2160,1418,0,0,0,0,2160,1418
198996,2001,103,,103,103,0,0,0,0,103,103
199005,2001,57,,57,57,0,0,0,0,57,57
199014,2001,59,,59,59,0,0,0,0,59,59
199023,2001,296,399,695,454,0,0,0,0,695,454
199032,2001,982,15,997,988,76,39,115,91,1112,1079
199069,2001,1432,343,1775,1567,0,0,0,0,1775,1567
199078,2001,53,,53,53,0,0,0,0,53,53
199087,2001,857,1327,2184,1384,0,0,0,0,2184,1384
199096,2001,67,24,91,77,0,0,0,0,91,77
199102,2001,6623,708,7331,6909,453,535,988,647,8319,7556
199111,2001,2485,772,3257,2797,3,33,36,15,3293,2812
199120,2001,15060,784,15844,15376,6225,3425,9650,7486,25494,22862
199139,2001,11340,3795,15135,12871,866,2307,3173,1700,18308,14571
199148,2001,8710,1749,10459,9416,1158,2158,3316,1939,13775,11355
199157,2001,3393,839,4232,3732,692,829,1521,994,5753,4726
199184,2001,687,21,708,695,77,4,81,78,789,773
199193,2001,18345,4073,22418,19989,3546,3322,6868,4748,29286,24737
199209,2001,949,937,1886,1317,0,0,0,0,1886,1317
199218,2001,8762,1201,9963,9247,210,626,836,436,10799,9683
199263,2001,184,153,337,245,0,0,0,0,337,245
199272,2001,591,39,630,606,0,0,0,0,630,606
199281,2001,2692,814,3506,3020,48,379,427,185,3933,3205
199306,2001,898,178,1076,968,83,512,595,279,1671,1247
199315,2001,188,52,240,208,4,12,16,9,256,217
199324,2001,623,1399,2022,1178,0,0,0,0,2022,1178
199333,2001,2689,2917,5606,3847,0,0,0,0,5606,3847
199351,2001,96,69,165,123,0,0,0,0,165,123
199412,2001,741,456,1197,920,115,389,504,264,1701,1184
199421,2001,725,1282,2007,1234,0,0,0,0,2007,1234
199449,2001,754,711,1465,1036,0,0,0,0,1465,1036
199458,2001,145,25,170,155,0,0,0,0,170,155
199467,2001,136,462,598,319,0,0,0,0,598,319
199476,2001,1120,1007,2127,1520,0,0,0,0,2127,1520
199485,2001,980,1105,2085,1419,0,0,0,0,2085,1419
199494,2001,1796,2909,4705,2951,0,0,0,0,4705,2951
199582,2001,1235,125,1360,1284,0,0,0,0,1360,1284
199607,2001,662,264,926,766,4,144,148,59,1074,825
199625,2001,628,758,1386,929,0,0,0,0,1386,929
199634,2001,1626,1548,3174,2241,0,0,0,0,3174,2241
199643,2001,1955,417,2372,2119,101,50,151,128,2523,2247
199689,2001,65,11,76,69,0,0,0,0,76,69
199698,2001,546,92,638,582,0,0,0,0,638,582
199713,2001,64,59,123,87,0,0,0,0,123,87
199722,2001,1003,930,1933,1372,0,0,0,0,1933,1372
199731,2001,794,1008,1802,1194,0,0,0,0,1802,1194
199740,2001,811,896,1707,1167,0,0,0,0,1707,1167
199759,2001,256,300,556,374,1072,416,1488,1265,2044,1639
199768,2001,1616,1687,3303,2286,0,0,0,0,3303,2286
199786,2001,1339,2624,3963,2381,0,0,0,0,3963,2381
199795,2001,421,561,982,644,0,0,0,0,982,644
199838,2001,1474,2259,3733,2371,0,0,0,0,3733,2371
199847,2001,4045,91,4136,4081,1843,292,2135,1956,6271,6037
199856,2001,3644,6522,10166,6234,0,0,0,0,10166,6234
199865,2001,773,10,783,777,70,0,70,70,853,847
199883,2001,69,,69,69,0,0,0,0,69,69
199892,2001,1447,1648,3095,2101,0,0,0,0,3095,2101
199908,2001,1045,1383,2428,1594,0,0,0,0,2428,1594
199926,2001,1240,1095,2335,1675,0,0,0,0,2335,1675
199953,2001,756,976,1732,1144,0,0,0,0,1732,1144
199962,2001,1213,42,1255,1229,1,100,101,39,1356,1268
199980,2001,33,,33,33,0,0,0,0,33,33
199999,2001,2426,536,2962,2642,15,15,30,20,2992,2662
200004,2001,4872,793,5665,5192,393,805,1198,684,6863,5876
200013,2001,38,,38,38,0,0,0,0,38,38
200022,2001,2112,932,3044,2482,0,0,0,0,3044,2482
200059,2001,1520,581,2101,1754,0,0,0,0,2101,1754
200086,2001,39,11,50,43,0,0,0,0,50,43
200110,2001,49,,49,49,0,0,0,0,49,49
200129,2001,43,,43,43,0,0,0,0,43,43
200156,2001,1058,78,1136,1089,0,0,0,0,1136,1089
200165,2001,88,,88,88,0,0,0,0,88,88
200192,2001,364,944,1308,739,0,0,0,0,1308,739
200208,2001,103,66,169,129,0,0,0,0,169,129
200217,2001,1969,82,2051,2001,281,112,393,324,2444,2325
200226,2001,579,176,755,650,0,0,0,0,755,650
200244,2001,81,10,91,85,0,0,0,0,91,85
200253,2001,2496,830,3326,2831,79,110,189,119,3515,2950
200262,2001,24,,24,24,0,0,0,0,24,24
200280,2001,8836,949,9785,9219,1000,979,1979,1355,11764,10574
200305,2001,1873,419,2292,2039,0,0,0,0,2292,2039
200314,2001,349,177,526,419,0,0,0,0,526,419
200332,2001,8478,951,9429,8862,356,749,1105,627,10534,9489
200341,2001,525,94,619,562,0,0,0,0,619,562
200387,2001,49,,49,49,0,0,0,0,49,49
200466,2001,134,60,194,158,0,0,0,0,194,158
200484,2001,255,17,272,262,0,0,0,0,272,262
200527,2001,327,357,684,469,0,0,0,0,684,469
200554,2001,278,24,302,288,0,0,0,0,302,288
200572,2001,741,264,1005,848,0,0,0,0,1005,848
200590,2001,458,40,498,474,0,0,0,0,498,474
200624,2001,38,,38,38,0,0,0,0,38,38
200633,2001,55,53,108,76,0,0,0,0,108,76
200721,2001,92,224,316,167,0,0,0,0,316,167
200785,2001,201,15,216,207,0,0,0,0,216,207
200794,2001,94,,94,94,0,0,0,0,94,94
200800,2001,12459,5781,18240,14792,2158,1970,4128,2875,22368,17667
200828,2001,60,,60,60,0,0,0,0,60,60
200837,2001,2,1,3,2,0,0,0,0,3,2
200846,2001,890,843,1733,1225,0,0,0,0,1733,1225
200873,2001,65,15,80,71,0,0,0,0,80,71
201007,2001,646,36,682,660,0,0,0,0,682,660
201016,2001,238,122,360,286,0,0,0,0,360,286
201034,2001,108,,108,108,0,0,0,0,108,108
201061,2001,194,16,210,200,0,8,8,3,218,203
201070,2001,34,5,39,36,0,0,0,0,39,36
201098,2001,27,35,62,39,0,0,0,0,62,39
201104,2001,2194,566,2760,2416,1405,2194,3599,2256,6359,4672
201131,2001,83,32,115,94,0,0,0,0,115,94
201140,2001,85,33,118,98,78,56,134,99,252,197
201159,2001,103,,103,103,0,0,0,0,103,103
201177,2001,101,41,142,117,0,0,0,0,142,117
201195,2001,3042,951,3993,3416,214,677,891,473,4884,3889
201229,2001,13,,13,13,0,0,0,0,13,13
201283,2001,1023,600,1623,1261,0,0,0,0,1623,1261
201371,2001,910,66,976,936,44,30,74,55,1050,991
201399,2001,183,55,238,205,0,0,0,0,238,205
201432,2001,643,844,1487,978,1,49,50,19,1537,997
201441,2001,14725,1143,15868,15186,1432,1439,2871,1952,18739,17138
201469,2001,90,112,202,134,0,0,0,0,202,134
201478,2001,148,197,345,214,0,0,0,0,345,214
201487,2001,14,,14,14,0,0,0,0,14,14
201496,2001,238,,238,238,0,0,0,0,238,238
201539,2001,75,,75,75,0,0,0,0,75,75
201548,2001,1963,835,2798,2291,587,585,1172,868,3970,3159
201609,2001,24,24,48,34,0,0,0,0,48,34
201618,2001,35,,35,35,0,0,0,0,35,35
201627,2001,29,8,37,32,0,0,0,0,37,32
201645,2001,3117,264,3381,3221,3666,2169,5835,4497,9216,7718
201654,2001,2833,112,2945,2877,0,24,24,9,2969,2886
201672,2001,755,1218,1973,1239,0,0,0,0,1973,1239
201681,2001,74,,74,74,0,0,0,0,74,74
201690,2001,1202,118,1320,1250,7,73,80,33,1400,1283
201742,2001,72,28,100,83,0,0,0,0,100,83
201751,2001,142,162,304,206,0,0,0,0,304,206
201803,2001,117,,117,117,0,0,0,0,117,117
201821,2001,135,51,186,155,0,0,0,0,186,155
201858,2001,524,87,611,558,135,150,285,197,896,755
201867,2001,144,,144,144,0,0,0,0,144,144
201885,2001,14905,4936,19841,16897,4743,2705,7448,5722,27289,22619
201928,2001,2719,4465,7184,4492,0,0,0,0,7184,4492
201946,2001,1181,1240,2421,1673,0,0,0,0,2421,1673
201955,2001,1728,2075,3803,2552,0,0,0,0,3803,2552
201964,2001,267,40,307,283,0,0,0,0,307,283
201973,2001,1149,1833,2982,1877,0,0,0,0,2982,1877
201982,2001,47,,47,47,0,0,0,0,47,47
201991,2001,20,3,23,21,0,0,0,0,23,21
202019,2001,2,15,17,8,8,105,113,48,130,56
202046,2001,573,41,614,589,0,0,0,0,614,589
202055,2001,159,,159,159,0,0,0,0,159,159
202073,2001,222,2,224,223,146,12,158,151,382,374
202134,2001,6798,3614,10412,8256,1901,3388,5289,3138,15701,11394
202152,2001,63,,63,63,0,0,0,0,63,63
202161,2001,196,,196,196,0,0,0,0,196,196
202170,2001,1338,399,1737,1495,0,0,0,0,1737,1495
202189,2001,157,,157,157,0,0,0,0,157,157
202204,2001,209,,209,209,0,0,0,0,209,209
202222,2001,7597,12045,19642,12380,0,0,0,0,19642,12380
202268,2001,70,35,105,84,0,0,0,0,105,84
202356,2001,6834,13662,20496,12259,0,0,0,0,20496,12259
202435,2001,165,290,455,280,0,0,0,0,455,280
202453,2001,26,9,35,30,0,0,0,0,35,30
202480,2001,6617,538,7155,6828,1529,1568,3097,2128,10252,8956
202514,2001,698,208,906,780,6,88,94,40,1000,820
202523,2001,2089,18,2107,2096,0,0,0,0,2107,2096
202541,2001,2892,901,3793,3246,0,0,0,0,3793,3246
202611,2001,573,523,1096,778,34,47,81,52,1177,830
202639,2001,65,43,108,82,0,0,0,0,108,82
202648,2001,929,2047,2976,1742,0,0,0,0,2976,1742
202657,2001,254,,254,254,0,0,0,0,254,254
202684,2001,146,53,199,167,0,0,0,0,199,167
202763,2001,2615,766,3381,2916,214,990,1204,592,4585,3508
202806,2001,1444,3206,4650,2703,561,326,887,686,5537,3389
202888,2001,56,,56,56,0,0,0,0,56,56
202903,2001,219,40,259,235,0,0,0,0,259,235
202912,2001,147,116,263,193,0,0,0,0,263,193
202949,2001,287,,287,287,0,0,0,0,287,287
202985,2001,49,,49,49,0,0,0,0,49,49
203030,2001,129,10,139,132,0,0,0,0,139,132
203076,2001,,,0,0,370,20,390,378,390,378
203085,2001,985,188,1173,1059,20,191,211,93,1384,1152
203128,2001,964,226,1190,1053,0,0,0,0,1190,1053
203146,2001,99,,99,99,0,0,0,0,99,99
203155,2001,3727,1618,5345,4369,0,0,0,0,5345,4369
203164,2001,109,,109,109,0,0,0,0,109,109
203225,2001,432,,432,432,0,0,0,0,432,432
203234,2001,167,,167,167,0,0,0,0,167,167
203289,2001,107,14,121,113,0,0,0,0,121,113
203313,2001,557,,557,557,0,0,0,0,557,557
203331,2001,812,802,1614,1130,0,0,0,0,1614,1130
203368,2001,3331,177,3508,3401,198,595,793,425,4301,3826
203438,2001,67,,67,67,0,0,0,0,67,67
203447,2001,566,757,1323,867,0,0,0,0,1323,867
203456,2001,294,226,520,384,0,0,0,0,520,384
203465,2001,1890,1321,3211,2415,0,0,0,0,3211,2415
203474,2001,947,1162,2109,1408,0,0,0,0,2109,1408
203483,2001,1000,770,1770,1306,0,0,0,0,1770,1306
203492,2001,566,468,1034,752,0,0,0,0,1034,752
203517,2001,15450,2932,18382,16633,2007,2439,4446,2889,22828,19522
203526,2001,288,382,670,440,0,0,0,0,670,440
203535,2001,1558,29,1587,1569,0,0,0,0,1587,1569
203544,2001,497,,497,497,0,0,0,0,497,497
203580,2001,501,106,607,543,0,241,241,92,848,635
203599,2001,2664,5589,8253,4883,0,0,0,0,8253,4883
203614,2001,370,166,536,436,0,0,0,0,536,436
203678,2001,1503,1391,2894,2055,0,0,0,0,2894,2055
203702,2001,36,,36,36,0,0,0,0,36,36
203720,2001,192,24,216,202,0,0,0,0,216,202
203739,2001,152,28,180,163,0,0,0,0,180,163
203748,2001,2858,4960,7818,4827,0,0,0,0,7818,4827
203757,2001,454,781,1235,761,0,0,0,0,1235,761
203775,2001,1690,210,1900,1772,13,226,239,99,2139,1871
203818,2001,43,8,51,46,0,0,0,0,51,46
203845,2001,1115,86,1201,1149,2,67,69,28,1270,1177
203881,2001,763,1204,1967,1241,0,0,0,0,1967,1241
203942,2001,47,352,399,165,0,0,0,0,399,165
203951,2001,,,0,0,746,205,951,823,951,823
203960,2001,109,178,287,179,0,0,0,0,287,179
203997,2001,,,0,0,146,97,243,193,243,193
204006,2001,1400,805,2205,1720,0,0,0,0,2205,1720
204015,2001,1320,739,2059,1613,0,0,0,0,2059,1613
204024,2001,14602,463,15065,14789,512,734,1246,777,16311,15566
204060,2001,317,,317,317,0,0,0,0,317,317
204121,2001,23,79,102,54,0,0,0,0,102,54
204158,2001,174,,174,174,0,0,0,0,174,174
204167,2001,45,7,52,48,0,0,0,0,52,48
204176,2001,279,76,355,309,0,0,0,0,355,309
204185,2001,2060,308,2368,2181,0,0,0,0,2368,2181
204194,2001,1907,199,2106,1985,0,126,126,48,2232,2033
204200,2001,1294,777,2071,1599,38,163,201,100,2272,1699
204255,2001,1004,865,1869,1347,0,0,0,0,1869,1347
204264,2001,1591,69,1660,1618,16,390,406,165,2066,1783
204307,2001,254,,254,254,0,0,0,0,254,254
204316,2001,346,6,352,348,0,0,0,0,352,348
204334,2001,83,,83,83,0,0,0,0,83,83
204422,2001,884,2249,3133,1777,0,0,0,0,3133,1777
204431,2001,32,,32,32,0,0,0,0,32,32
204440,2001,1018,1919,2937,1780,0,0,0,0,2937,1780
204459,2001,40,,40,40,0,0,0,0,40,40
204468,2001,305,429,734,474,7,107,114,48,848,522
204477,2001,,,0,0,427,0,427,427,427,427
204486,2001,1784,346,2130,1920,0,0,0,0,2130,1920
204501,2001,2753,87,2840,2787,17,0,17,17,2857,2804
204547,2001,,,0,0,284,7,291,288,291,288
204592,2001,231,91,322,267,0,0,0,0,322,267
204608,2001,354,,354,354,0,0,0,0,354,354
204617,2001,1536,661,2197,1796,0,0,0,0,2197,1796
204626,2001,514,4,518,516,0,0,0,0,518,516
204635,2001,2236,130,2366,2287,944,35,979,963,3345,3250
204662,2001,809,131,940,861,0,0,0,0,940,861
204671,2001,968,245,1213,1067,53,90,143,86,1356,1153
204680,2001,995,404,1399,1158,46,50,96,64,1495,1222
204699,2001,921,374,1295,1072,39,56,95,59,1390,1131
204705,2001,1466,452,1918,1648,58,103,161,95,2079,1743
204714,2001,53,,53,53,0,0,0,0,53,53
204723,2001,45,7,52,48,0,0,0,0,52,48
204741,2001,122,,122,122,0,0,0,0,122,122
204769,2001,50,,50,50,0,0,0,0,50,50
204778,2001,146,,146,146,0,0,0,0,146,146
204796,2001,31240,4809,36049,33181,9189,3239,12428,10372,48477,43553
204802,2001,674,227,901,766,1,60,61,23,962,789
204820,2001,890,620,1510,1140,18,117,135,60,1645,1200
204839,2001,1084,732,1816,1379,29,138,167,79,1983,1458
204848,2001,875,662,1537,1142,59,68,127,84,1664,1226
204857,2001,15967,1211,17178,16456,2416,694,3110,2667,20288,19123
204866,2001,894,595,1489,1134,0,166,166,60,1655,1194
204884,2001,134,3,137,135,0,0,0,0,137,135
204893,2001,62,28,90,73,0,0,0,0,90,73
204909,2001,1845,41,1886,1861,0,0,0,0,1886,1861
204936,2001,1911,614,2525,2152,8,441,449,176,2974,2328
204945,2001,4337,12266,16603,9207,0,0,0,0,16603,9207
204963,2001,41,,41,41,0,0,0,0,41,41
204981,2001,57,,57,57,0,0,0,0,57,57
204990,2001,,,0,0,55,40,95,70,95,70
205027,2001,61,,61,61,50,2,52,51,113,112
205054,2001,63,2,65,64,0,0,0,0,65,64
205081,2001,11,,11,11,0,0,0,0,11,11
205090,2001,17,8,25,20,0,0,0,0,25,20
205124,2001,54,,54,54,16,0,16,16,70,70
205142,2001,36,18,54,43,0,0,0,0,54,43
205179,2001,473,,473,473,0,0,0,0,473,473
205197,2001,106,,106,106,0,0,0,0,106,106
205203,2001,1546,386,1932,1698,13,132,145,63,2077,1761
205319,2001,,,0,0,54,45,99,72,99,72
205391,2001,120,,120,120,0,0,0,0,120,120
205443,2001,2678,686,3364,2955,0,0,0,0,3364,2955
205470,2001,6885,12885,19770,12001,0,0,0,0,19770,12001
205513,2001,141,17,158,148,0,0,0,0,158,148
205522,2001,67,15,82,73,0,0,0,0,82,73
205559,2001,65,33,98,78,0,0,0,0,98,78
205568,2001,80,25,105,90,0,0,0,0,105,90
205610,2001,890,,890,890,0,0,0,0,890,890
205647,2001,465,,465,465,0,0,0,0,465,465
205692,2001,58,,58,58,0,0,0,0,58,58
205708,2001,162,8,170,165,0,0,0,0,170,165
205717,2001,16,,16,16,0,0,0,0,16,16
205726,2001,131,1,132,131,0,0,0,0,132,131
205841,2001,1555,3150,4705,2806,0,0,0,0,4705,2806
205887,2001,298,290,588,413,0,0,0,0,588,413
205957,2001,1586,147,1733,1644,154,321,475,277,2208,1921
205966,2001,1109,929,2038,1478,0,0,0,0,2038,1478
206011,2001,1039,1515,2554,1641,0,0,0,0,2554,1641
206039,2001,30,,30,30,0,0,0,0,30,30
206048,2001,1032,267,1299,1137,182,89,271,216,1570,1353
206084,2001,12626,4128,16754,14292,1633,1926,3559,2339,20313,16631
206093,2001,88,67,155,115,0,0,0,0,155,115
206172,2001,25,4,29,26,0,0,0,0,29,26
206181,2001,73,6,79,75,0,0,0,0,79,75
206206,2001,64,106,170,106,0,0,0,0,170,106
206215,2001,,,0,0,130,84,214,170,214,170
206224,2001,320,55,375,342,0,0,0,0,375,342
206279,2001,369,257,626,470,1113,0,1113,1113,1739,1583
206288,2001,,,0,0,288,34,322,304,322,304
206321,2001,106,3610,3716,1318,0,0,0,0,3716,1318
206330,2001,863,496,1359,1058,0,74,74,28,1433,1086
206349,2001,532,487,1019,723,50,212,262,131,1281,854
206358,2001,99,,99,99,0,0,0,0,99,99
206394,2001,83,99,182,122,0,0,0,0,182,122
206400,2001,97,,97,97,0,0,0,0,97,97
206419,2001,79,13,92,84,0,0,0,0,92,84
206428,2001,36,,36,36,0,0,0,0,36,36
206437,2001,1055,346,1401,1191,42,79,121,72,1522,1263
206446,2001,1091,942,2033,1465,0,0,0,0,2033,1465
206482,2001,92,155,247,154,0,0,0,0,247,154
206491,2001,925,,925,925,0,0,0,0,925,925
206507,2001,1403,473,1876,1589,0,0,0,0,1876,1589
206516,2001,8,33,41,21,43,28,71,56,112,77
206525,2001,2071,150,2221,2130,0,56,56,21,2277,2151
206589,2001,1790,33,1823,1803,0,0,0,0,1823,1803
206604,2001,8951,1611,10562,9601,1583,1684,3267,2194,13829,11795
206613,2001,479,285,764,592,0,0,0,0,764,592
206622,2001,3356,650,4006,3611,679,1975,2654,1434,6660,5045
206631,2001,446,1,447,446,0,0,0,0,447,446
206695,2001,8652,2379,11031,9612,242,970,1212,593,12243,10205
206783,2001,58,,58,58,0,0,0,0,58,58
206817,2001,812,161,973,875,0,0,0,0,973,875
206835,2001,447,380,827,596,0,0,0,0,827,596
206862,2001,1679,76,1755,1709,302,25,327,312,2082,2021
206880,2001,61,,61,61,0,0,0,0,61,61
206905,2001,55,135,190,100,0,0,0,0,190,100
206914,2001,2924,1867,4791,3677,145,393,538,287,5329,3964
206923,2001,992,1296,2288,1507,0,0,0,0,2288,1507
206932,2001,60,29,89,72,0,0,0,0,89,72
206941,2001,8405,3769,12174,9926,874,1612,2486,1457,14660,11383
206969,2001,11,,11,11,0,0,0,0,11,11
206996,2001,1125,736,1861,1417,0,0,0,0,1861,1417
207041,2001,2881,527,3408,3094,228,553,781,428,4189,3522
207050,2001,1047,980,2027,1436,0,0,0,0,2027,1436
207069,2001,872,1298,2170,1387,0,0,0,0,2170,1387
207087,2001,32,,32,32,0,0,0,0,32,32
207102,2001,40,,40,40,0,0,0,0,40,40
207157,2001,240,69,309,267,0,0,0,0,309,267
207166,2001,28,,28,28,0,0,0,0,28,28
207209,2001,2134,772,2906,2446,38,44,82,54,2988,2500
207236,2001,1137,754,1891,1436,0,0,0,0,1891,1436
207254,2001,1531,,1531,1531,0,0,0,0,1531,1531
207263,2001,5748,1764,7512,6460,327,695,1022,578,8534,7038
207272,2001,40,,40,40,0,0,0,0,40,40
207281,2001,1768,1128,2896,2216,0,0,0,0,2896,2216
207290,2001,1331,477,1808,1520,0,0,0,0,1808,1520
207306,2001,1387,391,1778,1545,65,189,254,133,2032,1678
207315,2001,,,0,0,353,32,385,365,385,365
207324,2001,1506,241,1747,1601,66,27,93,76,1840,1677
207342,2001,495,87,582,530,1821,459,2280,1987,2862,2517
207351,2001,993,233,1226,1087,0,0,0,0,1226,1087
207388,2001,15496,1740,17236,16198,1973,2799,4772,2985,22008,19183
207397,2001,1369,3150,4519,2620,0,0,0,0,4519,2620
207403,2001,1543,368,1911,1688,14,8,22,17,1933,1705
207449,2001,4178,6485,10663,6753,0,0,0,0,10663,6753
207458,2001,1531,329,1860,1660,1350,514,1864,1548,3724,3208
207500,2001,16314,2382,18696,17275,2389,4019,6408,3844,25104,21119
207537,2001,76,,76,76,0,0,0,0,76,76
207564,2001,1692,673,2365,1959,0,0,0,0,2365,1959
207582,2001,2851,587,3438,3082,256,360,616,399,4054,3481
207607,2001,23,47,70,39,0,0,0,0,70,39
207625,2001,216,,216,216,0,0,0,0,216,216
207634,2001,40,13,53,45,0,0,0,0,53,45
207661,2001,1456,1416,2872,2027,0,0,0,0,2872,2027
207670,2001,2528,4988,7516,4509,0,0,0,0,7516,4509
207689,2001,618,195,813,695,0,0,0,0,813,695
207704,2001,95,,95,95,0,0,0,0,95,95
207722,2001,1041,415,1456,1208,0,0,0,0,1456,1208
207740,2001,1102,859,1961,1443,0,0,0,0,1961,1443
207786,2001,24,,24,24,0,0,0,0,24,24
207838,2001,21,7,28,24,0,0,0,0,28,24
207847,2001,2845,671,3516,3116,103,271,374,201,3890,3317
207856,2001,117,25,142,127,55,12,67,60,209,187
207865,2001,3686,543,4229,3905,380,245,625,481,4854,4386
207935,2001,5362,11379,16741,9880,0,0,0,0,16741,9880
207962,2001,375,,375,375,0,0,0,0,375,375
207971,2001,2533,236,2769,2626,851,499,1350,1062,4119,3688
208017,2001,22,,22,22,0,0,0,0,22,22
208026,2001,76,8,84,79,0,0,0,0,84,79
208035,2001,871,1370,2241,1415,0,0,0,0,2241,1415
208044,2001,8,,8,8,0,0,0,0,8,8
208053,2001,45,36,81,57,0,0,0,0,81,57
208062,2001,29,,29,29,0,0,0,0,29,29
208080,2001,43,,43,43,0,0,0,0,43,43
208187,2001,17,3,20,18,0,0,0,0,20,18
208239,2001,714,189,903,788,0,0,0,0,903,788
208248,2001,143,,143,143,0,0,0,0,143,143
208275,2001,917,1226,2143,1404,0,0,0,0,2143,1404
208318,2001,1505,2947,4452,2675,0,0,0,0,4452,2675
208390,2001,3036,7726,10762,6104,0,0,0,0,10762,6104
208406,2001,2238,4477,6715,4016,0,0,0,0,6715,4016
208415,2001,417,1105,1522,856,0,0,0,0,1522,856
208433,2001,47,,47,47,0,0,0,0,47,47
208479,2001,583,,583,583,0,0,0,0,583,583
208488,2001,742,133,875,794,132,33,165,145,1040,939
208512,2001,206,31,237,218,0,0,0,0,237,218
208646,2001,1870,935,2805,2247,44,122,166,88,2971,2335
208655,2001,62,,62,62,0,0,0,0,62,62
208725,2001,128,51,179,148,0,0,0,0,179,148
208822,2001,1314,350,1664,1451,300,673,973,561,2637,2012
208859,2001,54,,54,54,0,0,0,0,54,54
208965,2001,499,,499,499,0,0,0,0,499,499
209038,2001,4285,6452,10737,6847,0,0,0,0,10737,6847
209056,2001,1644,38,1682,1659,1014,251,1265,1110,2947,2769
209065,2001,1571,31,1602,1583,0,0,0,0,1602,1583
209074,2001,2728,2019,4747,3530,0,0,0,0,4747,3530
209083,2001,52,,52,52,0,0,0,0,52,52
209108,2001,209,471,680,394,67,190,257,140,937,534
209153,2001,64,,64,64,0,0,0,0,64,64
209205,2001,89,38,127,104,0,0,0,0,127,104
209241,2001,48,,48,48,83,24,107,92,155,140
209250,2001,3178,5593,8771,5399,0,0,0,0,8771,5399
209287,2001,520,67,587,546,151,102,253,194,840,740
209296,2001,,,0,0,451,3,454,452,454,452
209348,2001,27,,27,27,0,0,0,0,27,27
209409,2001,382,27,409,393,35,36,71,49,480,442
209463,2001,53,,53,53,0,0,0,0,53,53
209472,2001,,,0,0,170,389,559,311,559,311
209490,2001,497,137,634,552,1097,245,1342,1186,1976,1738
209506,2001,1942,1126,3068,2396,1,1,2,1,3070,2397
209533,2001,94,,94,94,1,2,3,2,97,96
209542,2001,13412,1457,14869,14000,2259,885,3144,2585,18013,16585
209551,2001,13638,1475,15113,14233,2876,967,3843,3226,18956,17459
209603,2001,263,30,293,275,0,0,0,0,293,275
209612,2001,1093,76,1169,1123,926,198,1124,1015,2293,2138
209667,2001,35,,35,35,0,0,0,0,35,35
209676,2001,82,,82,82,0,0,0,0,82,82
209694,2001,55,,55,55,0,0,0,0,55,55
209700,2001,74,,74,74,0,0,0,0,74,74
209719,2001,29,,29,29,0,0,0,0,29,29
209746,2001,6999,17883,24882,14100,0,0,0,0,24882,14100
209807,2001,8420,6041,14461,10858,1948,3615,5563,3256,20024,14114
209825,2001,2446,127,2573,2496,138,376,514,282,3087,2778
209922,2001,1348,48,1396,1367,0,24,24,9,1420,1376
209940,2001,1691,2652,4343,2744,0,0,0,0,4343,2744
209986,2001,25,,25,25,0,0,0,0,25,25
210076,2001,368,,368,368,0,0,0,0,368,368
210100,2001,44,,44,44,0,0,0,0,44,44
210146,2001,3653,1237,4890,4152,222,353,575,350,5465,4502
210155,2001,962,2232,3194,1848,0,0,0,0,3194,1848
210234,2001,550,,550,550,0,0,0,0,550,550
210270,2001,840,601,1441,1079,0,0,0,0,1441,1079
210304,2001,445,121,566,493,1,4,5,3,571,496
210331,2001,659,66,725,685,0,0,0,0,725,685
210340,2001,52,,52,52,0,0,0,0,52,52
210359,2001,505,,505,505,0,0,0,0,505,505
210368,2001,,,0,0,185,558,743,416,743,416
210401,2001,1659,114,1773,1704,625,39,664,643,2437,2347
210429,2001,3954,383,4337,4109,174,365,539,306,4876,4415
210438,2001,,,0,0,331,0,331,331,331,331
210456,2001,65,,65,65,0,0,0,0,65,65
210474,2001,9,,9,9,0,0,0,0,9,9
210483,2001,254,,254,254,0,0,0,0,254,254
210492,2001,130,8,138,133,14,20,34,22,172,155
210508,2001,,,0,0,25,0,25,25,25,25
210571,2001,1722,92,1814,1758,0,0,0,0,1814,1758
210599,2001,65,79,144,96,0,0,0,0,144,96
210605,2001,6624,10350,16974,10734,0,0,0,0,16974,10734
210669,2001,1838,41,1879,1854,0,0,0,0,1879,1854
210711,2001,14,51,65,34,0,0,0,0,65,34
210739,2001,1522,495,2017,1716,48,669,717,304,2734,2020
210748,2001,33,17,50,40,0,0,0,0,50,40
210775,2001,1124,458,1582,1304,19,214,233,101,1815,1405
210784,2001,55,26,81,65,0,0,0,0,81,65
210809,2001,,,0,0,0,554,554,212,554,212
210890,2001,186,4,190,188,0,0,0,0,190,188
210906,2001,424,52,476,445,0,0,0,0,476,445
210942,2001,1975,832,2807,2302,0,0,0,0,2807,2302
210951,2001,40,,40,40,0,0,0,0,40,40
210960,2001,2280,234,2514,2372,0,0,0,0,2514,2372
211006,2001,223,15,238,229,0,0,0,0,238,229
211024,2001,683,51,734,703,36,67,103,69,837,772
211079,2001,1243,1065,2308,1666,0,0,0,0,2308,1666
211088,2001,1313,325,1638,1441,403,950,1353,766,2991,2207
211112,2001,218,19,237,226,0,0,0,0,237,226
211130,2001,,,0,0,125,164,289,197,289,197
211149,2001,108,,108,108,0,0,0,0,108,108
211158,2001,6657,565,7222,6885,199,493,692,377,7914,7262
211200,2001,467,,467,467,0,0,0,0,467,467
211246,2001,35,23,58,44,0,0,0,0,58,44
211273,2001,1279,54,1333,1300,220,203,423,298,1756,1598
211291,2001,3393,38,3431,3408,88,59,147,111,3578,3519
211307,2001,3190,5616,8806,5420,0,0,0,0,8806,5420
211316,2001,46,12,58,51,0,0,0,0,58,51
211325,2001,47,,47,47,0,0,0,0,47,47
211334,2001,35,5,40,37,0,0,0,0,40,37
211343,2001,1581,1528,3109,2188,0,0,0,0,3109,2188
211352,2001,1315,324,1639,1442,41,420,461,201,2100,1643
211361,2001,4416,660,5076,4682,324,548,872,522,5948,5204
211370,2001,,,0,0,42,54,96,67,96,67
211398,2001,216,3,219,217,0,0,0,0,219,217
211431,2001,964,659,1623,1223,11,264,275,112,1898,1335
211440,2001,5085,225,5310,5173,2605,673,3278,2862,8588,8035
211468,2001,783,809,1592,1101,2,25,27,16,1619,1117
211477,2001,510,102,612,550,0,0,0,0,612,550
211495,2001,215,1,216,215,0,0,0,0,216,215
211556,2001,530,59,589,553,251,225,476,337,1065,890
211583,2001,578,344,922,713,101,622,723,339,1645,1052
211608,2001,1057,141,1198,1114,40,276,316,140,1514,1254
211617,2001,520,213,733,605,0,0,0,0,733,605
211626,2001,65,62,127,90,0,0,0,0,127,90
211635,2001,45,,45,45,0,0,0,0,45,45
211644,2001,5240,572,5812,5471,166,293,459,272,6271,5743
211750,2001,297,198,495,376,0,0,0,0,495,376
211802,2001,106,4,110,108,0,0,0,0,110,108
211820,2001,139,,139,139,0,0,0,0,139,139
211875,2001,22,,22,22,0,0,0,0,22,22
211893,2001,129,,129,129,33,0,33,33,162,162
211909,2001,98,55,153,120,0,0,0,0,153,120
211927,2001,3490,5977,9467,5863,0,0,0,0,9467,5863
211954,2001,84,,84,84,0,0,0,0,84,84
211981,2001,1309,591,1900,1541,0,56,56,21,1956,1562
212009,2001,2172,36,2208,2186,0,0,0,0,2208,2186
212018,2001,,,0,0,540,1,541,541,541,541
212045,2001,135,1,136,135,0,0,0,0,136,135
212054,2001,9103,1916,11019,9856,667,1860,2527,1378,13546,11234
212072,2001,117,,117,117,0,0,0,0,117,117
212090,2001,854,430,1284,1025,0,0,0,0,1284,1025
212106,2001,4953,451,5404,5130,2173,1874,4047,2896,9451,8026
212115,2001,4392,575,4967,4624,280,749,1029,551,5996,5175
212124,2001,,,0,0,172,319,491,346,491,346
212133,2001,1780,295,2075,1896,533,446,979,703,3054,2599
212160,2001,6096,588,6684,6333,363,451,814,526,7498,6859
212179,2001,109,,109,109,0,0,0,0,109,109
212197,2001,1736,166,1902,1801,0,0,0,0,1902,1801
212212,2001,39,39,78,54,0,0,0,0,78,54
212230,2001,23,17,40,30,0,0,0,0,40,30
212258,2001,25,10,35,29,0,0,0,0,35,29
212267,2001,67,47,114,86,0,0,0,0,114,86
212276,2001,21,34,55,34,0,0,0,0,55,34
212285,2001,46,48,94,65,0,0,0,0,94,65
212294,2001,30,30,60,42,0,0,0,0,60,42
212300,2001,30,40,70,46,0,0,0,0,70,46
212328,2001,42,53,95,63,0,0,0,0,95,63
212337,2001,16,1,17,16,0,0,0,0,17,16
212346,2001,71,47,118,90,0,0,0,0,118,90
212355,2001,28,49,77,47,0,0,0,0,77,47
212364,2001,26,12,38,31,0,0,0,0,38,31
212373,2001,36,25,61,46,0,0,0,0,61,46
212382,2001,63,56,119,85,0,0,0,0,119,85
212391,2001,64,45,109,82,0,0,0,0,109,82
212407,2001,85,,85,85,0,0,0,0,85,85
212425,2001,266,170,436,333,0,0,0,0,436,333
212434,2001,21,10,31,25,0,0,0,0,31,25
212443,2001,,,0,0,16,135,151,83,151,83
212452,2001,77,,77,77,36,10,46,40,123,117
212568,2001,55,,55,55,0,0,0,0,55,55
212577,2001,1847,40,1887,1863,0,0,0,0,1887,1863
212601,2001,2148,315,2463,2272,264,680,944,524,3407,2796
212656,2001,1563,266,1829,1667,248,97,345,285,2174,1952
212674,2001,2248,29,2277,2259,0,0,0,0,2277,2259
212683,2001,37,37,74,52,0,0,0,0,74,52
212708,2001,21,32,53,34,0,0,0,0,53,34
212726,2001,37,37,74,52,0,0,0,0,74,52
212744,2001,17,16,33,23,0,0,0,0,33,23
212753,2001,75,58,133,98,0,0,0,0,133,98
212771,2001,3,18,21,10,12,580,592,234,613,244
212780,2001,63,12,75,68,0,0,0,0,75,68
212805,2001,2264,52,2316,2284,1,2,3,2,2319,2286
212832,2001,1020,880,1900,1366,25,252,277,121,2177,1487
212841,2001,403,269,672,509,1621,286,1907,1730,2579,2239
212869,2001,357,191,548,433,0,0,0,0,548,433
212878,2001,3410,4491,7901,5193,0,0,0,0,7901,5193
212911,2001,1138,,1138,1138,0,0,0,0,1138,1138
212939,2001,26,23,49,35,0,0,0,0,49,35
212975,2001,161,,161,161,0,0,0,0,161,161
212984,2001,1073,776,1849,1378,57,759,816,347,2665,1725
212993,2001,139,,139,139,0,0,0,0,139,139
213002,2001,722,36,758,736,0,0,0,0,758,736
213011,2001,630,1719,2349,1305,77,744,821,361,3170,1666
213020,2001,10923,840,11763,11262,683,1011,1694,1049,13457,12311
213057,2001,81,,81,81,0,0,0,0,81,81
213163,2001,47,18,65,54,0,0,0,0,65,54
213181,2001,221,,221,221,0,0,0,0,221,221
213215,2001,10,,10,10,0,0,0,0,10,10
213233,2001,318,13,331,323,0,0,0,0,331,323
213251,2001,1260,42,1302,1276,0,0,0,0,1302,1276
213303,2001,968,405,1373,1127,0,0,0,0,1373,1127
213312,2001,907,717,1624,1192,0,0,0,0,1624,1192
213321,2001,1720,348,2068,1857,56,102,158,95,2226,1952
213330,2001,17,2,19,18,0,0,0,0,19,18
213349,2001,6579,714,7293,6867,185,790,975,471,8268,7338
213358,2001,1240,421,1661,1405,95,152,247,153,1908,1558
213367,2001,3183,719,3902,3465,181,1339,1520,693,5422,4158
213376,2001,505,451,956,684,0,0,0,0,956,684
213385,2001,2223,107,2330,2265,0,0,0,0,2330,2265
213400,2001,543,167,710,609,3,102,105,42,815,651
213428,2001,209,,209,209,0,0,0,0,209,209
213446,2001,,,0,0,106,42,148,126,148,126
213455,2001,53,32,85,66,0,0,0,0,85,66
213473,2001,194,267,461,300,0,0,0,0,461,300
213491,2001,15,39,54,30,0,0,0,0,54,30
213507,2001,1517,403,1920,1675,0,197,197,75,2117,1750
213525,2001,1665,3293,4958,2973,0,0,0,0,4958,2973
213534,2001,493,126,619,543,0,0,0,0,619,543
213543,2001,4595,55,4650,4617,797,1032,1829,1191,6479,5808
213552,2001,61,48,109,80,0,0,0,0,109,80
213570,2001,572,90,662,608,0,0,0,0,662,608
213589,2001,461,108,569,504,0,0,0,0,569,504
213598,2001,1399,39,1438,1415,272,161,433,330,1871,1745
213613,2001,3782,299,4081,3903,85,86,171,116,4252,4019
213622,2001,55,,55,55,0,0,0,0,55,55
213631,2001,,,0,0,143,101,244,188,244,188
213640,2001,,,0,0,119,137,256,185,256,185
213659,2001,2566,3510,6076,3960,0,0,0,0,6076,3960
213668,2001,1386,38,1424,1401,0,0,0,0,1424,1401
213686,2001,98,,98,98,0,0,0,0,98,98
213738,2001,43,,43,43,0,0,0,0,43,43
213774,2001,458,342,800,594,0,0,0,0,800,594
213783,2001,2690,329,3019,2823,55,229,284,138,3303,2961
213826,2001,1442,226,1668,1531,392,865,1257,722,2925,2253
213871,2001,126,53,179,147,0,0,0,0,179,147
213914,2001,207,40,247,223,0,0,0,0,247,223
213932,2001,74,,74,74,0,0,0,0,74,74
213987,2001,2768,432,3200,2938,99,105,204,139,3404,3077
213996,2001,2797,61,2858,2821,0,0,0,0,2858,2821
214005,2001,113,,113,113,0,0,0,0,113,113
214023,2001,234,20,254,242,0,0,0,0,254,242
214041,2001,5727,870,6597,6078,161,798,959,450,7556,6528
214069,2001,1202,524,1726,1408,0,125,125,48,1851,1456
214111,2001,3554,6038,9592,5951,0,0,0,0,9592,5951
214148,2001,459,153,612,519,0,0,0,0,612,519
214157,2001,1331,379,1710,1480,32,182,214,104,1924,1584
214166,2001,853,298,1151,970,0,0,0,0,1151,970
214175,2001,2311,318,2629,2436,0,0,0,0,2629,2436
214227,2001,1114,383,1497,1266,0,0,0,0,1497,1266
214254,2001,576,,576,576,0,0,0,0,576,576
214272,2001,1332,409,1741,1493,68,205,273,146,2014,1639
214290,2001,423,,423,423,0,0,0,0,423,423
214315,2001,119,,119,119,0,0,0,0,119,119
214379,2001,2457,2721,5178,3537,0,0,0,0,5178,3537
214476,2001,5,4,9,7,0,0,0,0,9,7
214528,2001,517,87,604,552,0,0,0,0,604,552
214546,2001,48,13,61,53,0,0,0,0,61,53
214564,2001,,,0,0,609,236,845,699,845,699
214582,2001,167,168,335,234,0,0,0,0,335,234
214591,2001,3256,294,3550,3375,15,143,158,67,3708,3442
214607,2001,,,0,0,135,1552,1687,696,1687,696
214616,2001,,,0,0,636,13,649,641,649,641
214625,2001,708,271,979,817,0,8,8,3,987,820
214634,2001,577,407,984,741,0,1,1,0,985,741
214643,2001,651,181,832,724,0,20,20,7,852,731
214652,2001,1175,345,1520,1314,1,88,89,33,1609,1347
214670,2001,508,177,685,579,0,12,12,4,697,583
214689,2001,3459,354,3813,3602,1,9,10,4,3823,3606
214698,2001,687,65,752,713,0,7,7,3,759,716
214704,2001,2059,257,2316,2163,0,13,13,5,2329,2168
214713,2001,1106,656,1762,1371,161,1316,1477,637,3239,2008
214731,2001,1345,301,1646,1466,0,3,3,1,1649,1467
214740,2001,769,228,997,861,0,6,6,2,1003,863
214759,2001,842,286,1128,957,0,0,0,0,1128,957
214768,2001,1247,95,1342,1285,0,11,11,4,1353,1289
214777,2001,32870,1669,34539,33544,4374,1915,6289,5067,40828,38611
214786,2001,822,119,941,870,0,10,10,4,951,874
214795,2001,825,280,1105,938,0,59,59,21,1164,959
214801,2001,2416,761,3177,2723,1,1,2,1,3179,2724
214810,2001,844,208,1052,928,1,39,40,15,1092,943
214829,2001,909,820,1729,1240,0,225,225,81,1954,1321
214838,2001,59,13,72,64,0,0,0,0,72,64
214883,2001,848,1109,1957,1284,0,0,0,0,1957,1284
214892,2001,95,203,298,176,0,0,0,0,298,176
214908,2001,24,6,30,26,0,0,0,0,30,26
214944,2001,207,109,316,250,0,0,0,0,316,250
214962,2001,39,18,57,46,0,0,0,0,57,46
214971,2001,217,23,240,226,48,2,50,49,290,275
215008,2001,30,,30,30,0,0,0,0,30,30
215026,2001,41,,41,41,0,0,0,0,41,41
215053,2001,157,46,203,175,0,0,0,0,203,175
215062,2001,9922,1859,11781,10652,8225,2320,10545,9113,22326,19765
215099,2001,2276,480,2756,2465,139,309,448,257,3204,2722
215105,2001,1881,52,1933,1901,97,59,156,120,2089,2021
215114,2001,909,91,1000,945,24,360,384,162,1384,1107
215123,2001,,,0,0,1425,0,1425,1425,1425,1425
215132,2001,1133,31,1164,1145,975,261,1236,1084,2400,2229
215239,2001,5422,12760,18182,10488,0,0,0,0,18182,10488
215266,2001,933,534,1467,1148,0,0,0,0,1467,1148
215275,2001,1525,233,1758,1619,0,0,0,0,1758,1619
215284,2001,2765,331,3096,2899,0,0,0,0,3096,2899
215293,2001,15367,2431,17798,16348,6057,2855,8912,7090,26710,23438
215309,2001,345,168,513,412,0,0,0,0,513,412
215336,2001,20,7,27,23,0,0,0,0,27,23
215345,2001,60,15,75,66,0,0,0,0,75,66
215354,2001,32,30,62,44,0,0,0,0,62,44
215381,2001,1038,188,1226,1113,0,0,0,0,1226,1113
215390,2001,121,11,132,125,0,0,0,0,132,125
215415,2001,2108,,2108,2108,0,0,0,0,2108,2108
215424,2001,,,0,0,266,90,356,311,356,311
215433,2001,294,,294,294,0,0,0,0,294,294
215442,2001,1725,914,2639,2084,154,171,325,219,2964,2303
215479,2001,62,,62,62,0,0,0,0,62,62
215488,2001,37,,37,37,0,0,0,0,37,37
215530,2001,23,8,31,26,0,0,0,0,31,26
215567,2001,12,3,15,13,0,0,0,0,15,13
215585,2001,1079,2038,3117,1888,0,0,0,0,3117,1888
215594,2001,111,5,116,113,0,0,0,0,116,113
215619,2001,,,0,0,60,12,72,65,72,65
215628,2001,,,0,0,16,36,52,33,52,33
215637,2001,698,,698,698,0,0,0,0,698,698
215646,2001,361,252,613,461,0,0,0,0,613,461
215655,2001,2691,1127,3818,3134,0,906,906,346,4724,3480
215682,2001,57,,57,57,0,0,0,0,57,57
215691,2001,427,370,797,572,42,269,311,145,1108,717
215743,2001,1196,220,1416,1282,174,437,611,341,2027,1623
215752,2001,79,20,99,87,0,0,0,0,99,87
215770,2001,3678,924,4602,4041,419,2332,2751,1310,7353,5351
215798,2001,1107,115,1222,1152,0,0,0,0,1222,1152
215813,2001,,,0,0,81,12,93,86,93,86
215868,2001,1194,101,1295,1234,0,0,0,0,1295,1234
215886,2001,175,6,181,177,0,0,0,0,181,177
215895,2001,91,,91,91,0,0,0,0,91,91
215929,2001,3638,372,4010,3784,236,362,598,374,4608,4158
215947,2001,809,319,1128,934,61,181,242,130,1370,1064
215956,2001,18,,18,18,0,0,0,0,18,18
215965,2001,57,12,69,62,0,0,0,0,69,62
215974,2001,131,31,162,143,0,0,0,0,162,143
215983,2001,44,,44,44,0,0,0,0,44,44
215992,2001,55,2,57,56,0,0,0,0,57,56
216010,2001,5962,276,6238,6073,213,742,955,481,7193,6554
216038,2001,5923,577,6500,6156,325,372,697,460,7197,6616
216047,2001,94,230,324,184,77,85,162,109,486,293
216074,2001,122,26,148,132,0,0,0,0,148,132
216083,2001,626,65,691,652,0,0,0,0,691,652
216108,2001,30,26,56,40,0,0,0,0,56,40
216162,2001,73,25,98,83,0,0,0,0,98,83
216180,2001,14,,14,14,23,3,26,25,40,39
216199,2001,51,,51,51,0,0,0,0,51,51
216223,2001,14,32,46,27,0,0,0,0,46,27
216278,2001,1840,109,1949,1883,0,0,0,0,1949,1883
216287,2001,1455,12,1467,1460,0,0,0,0,1467,1460
216296,2001,561,,561,561,0,0,0,0,561,561
216311,2001,119,,119,119,0,0,0,0,119,119
216339,2001,16125,3481,19606,17530,4890,5376,10266,6904,29872,24434
216357,2001,1081,71,1152,1109,0,0,0,0,1152,1109
216366,2001,357,414,771,520,1135,342,1477,1266,2248,1786
216418,2001,361,111,472,405,0,0,0,0,472,405
216427,2001,158,,158,158,0,0,0,0,158,158
216436,2001,248,,248,248,0,0,0,0,248,248
216445,2001,162,8,170,165,0,0,0,0,170,165
216454,2001,343,,343,343,0,0,0,0,343,343
216463,2001,,,0,0,159,67,226,186,226,186
216524,2001,1308,16,1324,1314,0,0,0,0,1324,1314
216542,2001,633,89,722,668,0,0,0,0,722,668
216551,2001,216,1,217,216,0,0,0,0,217,216
216579,2001,98,,98,98,0,0,0,0,98,98
216597,2001,6742,650,7392,6997,1194,1673,2867,1833,10259,8830
216630,2001,99,4,103,101,0,0,0,0,103,101
216649,2001,18,,18,18,0,0,0,0,18,18
216667,2001,1176,64,1240,1201,0,0,0,0,1240,1201
216694,2001,1317,142,1459,1373,14,317,331,135,1790,1508
216700,2001,20,3,23,21,0,0,0,0,23,21
216746,2001,26,8,34,29,0,0,0,0,34,29
216764,2001,8888,1332,10220,9426,408,1616,2024,993,12244,10419
216773,2001,71,,71,71,0,0,0,0,71,71
216782,2001,484,25,509,494,0,0,0,0,509,494
216807,2001,1407,251,1658,1506,28,235,263,118,1921,1624
216816,2001,,,0,0,305,381,686,461,686,461
216825,2001,1952,3819,5771,3468,0,0,0,0,5771,3468
216852,2001,2103,850,2953,2437,562,1213,1775,1025,4728,3462
216931,2001,1500,271,1771,1606,286,1640,1926,914,3697,2520
216986,2001,143,3,146,144,0,0,0,0,146,144
217013,2001,346,364,710,489,0,0,0,0,710,489
217040,2001,39,,39,39,1,0,1,1,40,40
217059,2001,4017,1102,5119,4450,22,152,174,80,5293,4530
217077,2001,1115,17,1132,1122,0,0,0,0,1132,1122
217086,2001,189,89,278,224,0,0,0,0,278,224
217095,2001,115,107,222,157,0,0,0,0,222,157
217156,2001,5677,322,5999,5803,1665,110,1775,1709,7774,7512
217165,2001,2699,308,3007,2820,60,427,487,223,3494,3043
217235,2001,7527,1108,8635,7962,456,170,626,521,9261,8483
217244,2001,496,,496,496,0,0,0,0,496,496
217262,2001,33,33,66,46,0,0,0,0,66,46
217305,2001,2109,522,2631,2314,0,0,0,0,2631,2314
217350,2001,,64,64,25,0,0,0,0,64,25
217369,2001,,22,22,9,0,0,0,0,22,9
217402,2001,3754,587,4341,3985,95,894,989,437,5330,4422
217420,2001,4728,2332,7060,5669,329,1273,1602,789,8662,6458
217475,2001,5463,10760,16223,9735,0,0,0,0,16223,9735
217484,2001,8780,1799,10579,9506,1456,2229,3685,2266,14264,11772
217493,2001,1845,,1845,1845,274,0,274,274,2119,2119
217518,2001,3062,969,4031,3443,37,125,162,85,4193,3528
217536,2001,1784,123,1907,1832,32,332,364,159,2271,1991
217545,2001,504,,504,504,0,0,0,0,504,504
217572,2001,55,,55,55,0,0,0,0,55,55
217581,2001,112,60,172,136,0,0,0,0,172,136
217606,2001,372,45,417,390,0,0,0,0,417,390
217615,2001,1015,1338,2353,1546,0,0,0,0,2353,1546
217624,2001,999,227,1226,1088,0,0,0,0,1226,1088
217633,2001,1122,328,1450,1251,0,0,0,0,1450,1251
217688,2001,1966,478,2444,2154,15,223,238,100,2682,2254
217712,2001,390,1355,1745,928,0,0,0,0,1745,928
217721,2001,2837,101,2938,2877,0,0,0,0,2938,2877
217749,2001,3386,145,3531,3443,276,343,619,407,4150,3850
217776,2001,1879,117,1996,1925,170,0,170,170,2166,2095
217794,2001,90,44,134,107,0,0,0,0,134,107
217819,2001,8960,974,9934,9353,258,1425,1683,773,11617,10126
217828,2001,44,11,55,48,0,0,0,0,55,48
217837,2001,288,679,967,558,0,0,0,0,967,558
217864,2001,2013,87,2100,2048,158,1743,1901,788,4001,2836
217873,2001,1350,110,1460,1393,0,0,0,0,1460,1393
217882,2001,13140,835,13975,13477,1775,1351,3126,2264,17101,15741
217891,2001,31,3,34,32,0,0,0,0,34,32
217907,2001,899,190,1089,974,0,0,0,0,1089,974
217916,2001,19,,19,19,0,0,0,0,19,19
217925,2001,550,92,642,586,269,141,410,329,1052,915
217934,2001,1045,240,1285,1139,163,28,191,174,1476,1313
217961,2001,647,73,720,676,131,586,717,355,1437,1031
217989,2001,885,516,1401,1090,0,0,0,0,1401,1090
217998,2001,573,15,588,579,77,283,360,204,948,783
218025,2001,1671,1961,3632,2450,0,0,0,0,3632,2450
218043,2001,248,,248,248,0,0,0,0,248,248
218061,2001,2586,236,2822,2681,48,643,691,281,3513,2962
218070,2001,2627,140,2767,2682,82,403,485,236,3252,2918
218089,2001,46,91,137,82,7,18,25,14,162,96
218113,2001,4139,7405,11544,7079,0,0,0,0,11544,7079
218140,2001,1604,2502,4106,2597,0,0,0,0,4106,2597
218159,2001,42,,42,42,0,0,0,0,42,42
218168,2001,1341,40,1381,1357,0,0,0,0,1381,1357
218195,2001,88,,88,88,0,0,0,0,88,88
218229,2001,2198,307,2505,2322,13,192,205,82,2710,2404
218238,2001,1196,871,2067,1538,0,0,0,0,2067,1538
218265,2001,,,0,0,128,23,151,138,151,138
218317,2001,,,0,0,5,0,5,5,5,5
218335,2001,294,106,400,337,1683,214,1897,1761,2297,2098
218353,2001,4235,5639,9874,6474,0,0,0,0,9874,6474
218399,2001,958,28,986,969,0,0,0,0,986,969
218414,2001,670,51,721,690,0,0,0,0,721,690
218441,2001,1226,152,1378,1286,0,0,0,0,1378,1286
218487,2001,1039,981,2020,1429,0,0,0,0,2020,1429
218520,2001,1764,2780,4544,2868,0,0,0,0,4544,2868
218539,2001,1144,40,1184,1160,0,0,0,0,1184,1160
218645,2001,2157,982,3139,2553,9,134,143,57,3282,2610
218654,2001,430,653,1083,689,0,0,0,0,1083,689
218663,2001,13092,2414,15506,14066,4566,2928,7494,5630,23000,19696
218672,2001,462,477,939,651,0,0,0,0,939,651
218681,2001,329,501,830,528,0,0,0,0,830,528
218690,2001,597,587,1184,830,0,0,0,0,1184,830
218706,2001,129,253,382,229,0,0,0,0,382,229
218724,2001,4007,764,4771,4315,6,188,194,74,4965,4389
218733,2001,3149,338,3487,3285,237,743,980,506,4467,3791
218742,2001,2911,988,3899,3310,0,94,94,34,3993,3344
218751,2001,,,0,0,270,59,329,302,329,302
218821,2001,580,55,635,602,0,0,0,0,635,602
218830,2001,1512,1854,3366,2248,0,0,0,0,3366,2248
218858,2001,840,2122,2962,1683,0,0,0,0,2962,1683
218867,2001,29,18,47,36,0,0,0,0,47,36
218885,2001,1797,1976,3773,2582,0,0,0,0,3773,2582
218894,2001,3621,6840,10461,6337,0,0,0,0,10461,6337
218919,2001,678,78,756,709,0,0,0,0,756,709
218955,2001,238,305,543,359,0,0,0,0,543,359
218964,2001,4201,637,4838,4458,270,1198,1468,703,6306,5161
218973,2001,1097,9,1106,1101,0,0,0,0,1106,1101
218991,2001,1422,2278,3700,2326,0,0,0,0,3700,2326
219000,2001,1653,121,1774,1701,1,32,33,13,1807,1714
219037,2001,65,,65,65,0,0,0,0,65,65
219046,2001,2533,898,3431,2895,11,479,490,184,3921,3079
219055,2001,79,213,292,164,0,0,0,0,292,164
219073,2001,31,20,51,39,0,0,0,0,51,39
219082,2001,1361,480,1841,1555,30,142,172,81,2013,1636
219091,2001,613,74,687,642,0,0,0,0,687,642
219125,2001,37,,37,37,0,0,0,0,37,37
219134,2001,462,66,528,489,0,0,0,0,528,489
219143,2001,801,50,851,821,0,0,0,0,851,821
219170,2001,10,,10,10,0,0,0,0,10,10
219189,2001,737,129,866,788,0,0,0,0,866,788
219198,2001,681,388,1069,833,73,26,99,83,1168,916
219204,2001,500,319,819,625,14,18,32,21,851,646
219213,2001,152,178,330,222,0,0,0,0,330,222
219240,2001,,,0,0,76,43,119,96,119,96
219259,2001,1685,964,2649,2074,17,422,439,170,3088,2244
219277,2001,629,527,1156,842,8,106,114,46,1270,888
219295,2001,377,238,615,470,0,0,0,0,615,470
219338,2001,26,,26,26,0,0,0,0,26,26
219347,2001,1663,411,2074,1829,241,110,351,281,2425,2110
219356,2001,6321,1496,7817,6925,361,1082,1443,752,9260,7677
219374,2001,347,501,848,549,0,47,47,17,895,566
219383,2001,906,216,1122,991,0,210,210,80,1332,1071
219392,2001,24,,24,24,0,0,0,0,24,24
219408,2001,169,106,275,211,0,0,0,0,275,211
219426,2001,1676,570,2246,1902,0,0,0,0,2246,1902
219471,2001,4005,1358,5363,4553,997,2209,3206,1797,8569,6350
219480,2001,734,318,1052,860,0,0,0,0,1052,860
219505,2001,69,46,115,87,0,0,0,0,115,87
219578,2001,389,237,626,482,0,0,0,0,626,482
219587,2001,65,12,77,70,0,0,0,0,77,70
219596,2001,436,28,464,447,0,0,0,0,464,447
219602,2001,4842,1775,6617,5558,161,255,416,253,7033,5811
219639,2001,311,171,482,378,0,0,0,0,482,378
219709,2001,2321,296,2617,2437,196,316,512,317,3129,2754
219718,2001,738,102,840,778,48,57,105,70,945,848
219790,2001,576,35,611,590,0,0,0,0,611,590
219806,2001,1807,184,1991,1879,124,80,204,155,2195,2034
219824,2001,3605,5002,8607,5591,0,0,0,0,8607,5591
219833,2001,1316,343,1659,1451,264,200,464,340,2123,1791
219842,2001,,,0,0,166,81,247,203,247,203
219879,2001,1708,1469,3177,2291,0,0,0,0,3177,2291
219888,2001,2249,2202,4451,3123,0,0,0,0,4451,3123
219903,2001,1169,,1169,1169,0,0,0,0,1169,1169
219921,2001,121,162,283,175,0,0,0,0,283,175
219949,2001,767,141,908,822,49,514,563,245,1471,1067
219976,2001,2106,290,2396,2220,58,167,225,130,2621,2350
219994,2001,295,39,334,308,0,0,0,0,334,308
220002,2001,227,335,562,360,0,0,0,0,562,360
220057,2001,1283,1001,2284,1680,0,0,0,0,2284,1680
220075,2001,7564,1764,9328,8276,1037,966,2003,1387,11331,9663
220118,2001,160,,160,160,0,0,0,0,160,160
220127,2001,320,95,415,352,0,0,0,0,415,352
220136,2001,,,0,0,97,21,118,108,118,108
220163,2001,15,44,59,32,0,0,0,0,59,32
220181,2001,792,27,819,803,13,13,26,18,845,821
220206,2001,243,38,281,258,0,0,0,0,281,258
220215,2001,1319,95,1414,1356,95,361,456,233,1870,1589
220251,2001,241,65,306,267,0,0,0,0,306,267
220279,2001,159,13,172,164,0,0,0,0,172,164
220312,2001,338,72,410,367,0,0,0,0,410,367
220321,2001,258,102,360,292,0,0,0,0,360,292
220394,2001,158,31,189,168,0,0,0,0,189,168
220400,2001,2069,1857,3926,2806,0,0,0,0,3926,2806
220464,2001,34,5,39,36,0,0,0,0,39,36
220473,2001,574,14,588,579,29,61,90,52,678,631
220491,2001,35,,35,35,0,0,0,0,35,35
220516,2001,574,95,669,611,15,0,15,15,684,626
220552,2001,405,,405,405,0,0,0,0,405,405
220570,2001,29,10,39,33,0,0,0,0,39,33
220589,2001,826,77,903,856,0,0,0,0,903,856
220598,2001,654,21,675,662,0,0,0,0,675,662
220604,2001,623,111,734,667,0,0,0,0,734,667
220613,2001,3084,241,3325,3179,87,99,186,125,3511,3304
220631,2001,721,221,942,808,533,299,832,647,1774,1455
220640,2001,300,158,458,353,0,0,0,0,458,353
220701,2001,408,223,631,496,0,0,0,0,631,496
220710,2001,998,28,1026,1009,0,0,0,0,1026,1009
220747,2001,71,35,106,85,0,0,0,0,106,85
220756,2001,186,27,213,195,0,0,0,0,213,195
220765,2001,24,,24,24,0,0,0,0,24,24
220792,2001,164,,164,164,721,0,721,721,885,885
220808,2001,241,24,265,250,31,3,34,32,299,282
220853,2001,758,197,955,824,0,0,0,0,955,824
220862,2001,11274,4338,15612,13025,2242,2478,4720,3139,20332,16164
220871,2001,,,0,0,170,135,305,236,305,236
220899,2001,109,51,160,129,0,0,0,0,160,129
220941,2001,920,123,1043,968,0,0,0,0,1043,968
220978,2001,15100,3030,18130,16323,540,1403,1943,1047,20073,17370
220996,2001,,,0,0,118,0,118,118,118,118
221014,2001,769,20,789,777,77,33,110,90,899,867
221050,2001,550,445,995,699,0,0,0,0,995,699
221096,2001,1951,1635,3586,2600,0,0,0,0,3586,2600
221102,2001,171,23,194,180,0,0,0,0,194,180
221148,2001,1400,,1400,1400,0,0,0,0,1400,1400
221157,2001,149,,149,149,0,0,0,0,149,149
221184,2001,1802,5215,7017,3873,0,0,0,0,7017,3873
221236,2001,214,22,236,221,0,0,0,0,236,221
221254,2001,132,31,163,144,0,0,0,0,163,144
221281,2001,228,128,356,271,0,0,0,0,356,271
221290,2001,65,14,79,71,0,0,0,0,79,71
221333,2001,169,72,241,198,0,0,0,0,241,198
221351,2001,1508,27,1535,1519,16,0,16,16,1551,1535
221388,2001,94,20,114,101,0,0,0,0,114,101
221397,2001,2801,2432,5233,3767,0,0,0,0,5233,3767
221430,2001,411,102,513,451,0,0,0,0,513,451
221485,2001,5108,7628,12736,8137,0,0,0,0,12736,8137
221494,2001,249,71,320,273,0,0,0,0,320,273
221519,2001,1309,20,1329,1317,102,11,113,106,1442,1423
221582,2001,78,150,228,128,0,0,0,0,228,128
221591,2001,236,7,243,238,0,0,0,0,243,238
221607,2001,169,24,193,177,0,0,0,0,193,177
221616,2001,531,47,578,547,0,0,0,0,578,547
221625,2001,756,356,1112,897,0,0,0,0,1112,897
221634,2001,88,8,96,91,0,0,0,0,96,91
221643,2001,3884,3949,7833,5452,0,0,0,0,7833,5452
221661,2001,1810,289,2099,1924,31,71,102,58,2201,1982
221670,2001,,,0,0,478,2,480,479,480,479
221704,2001,112,,112,112,1821,78,1899,1851,2011,1963
221731,2001,606,180,786,677,0,0,0,0,786,677
221740,2001,5744,1361,7105,6293,446,934,1380,784,8485,7077
221759,2001,18135,1989,20124,18938,3805,2104,5909,4566,26033,23504
221768,2001,4658,874,5532,5011,101,321,422,217,5954,5228
221795,2001,189,,189,189,0,0,0,0,189,189
221829,2001,160,,160,160,0,0,0,0,160,160
221838,2001,6026,1034,7060,6443,492,1112,1604,894,8664,7337
221847,2001,6226,873,7099,6578,389,1165,1554,810,8653,7388
221856,2001,664,18,682,671,6,11,17,10,699,681
221892,2001,896,263,1159,999,573,87,660,606,1819,1605
221908,2001,2257,2203,4460,3132,0,0,0,0,4460,3132
221953,2001,1552,5,1557,1554,237,0,237,237,1794,1791
221971,2001,1657,308,1965,1778,506,73,579,534,2544,2312
221999,2001,6017,60,6077,6041,3874,387,4261,4028,10338,10069
222026,2001,48,,48,48,0,0,0,0,48,48
222053,2001,3167,3655,6822,4618,0,0,0,0,6822,4618
222062,2001,3063,2932,5995,4227,0,0,0,0,5995,4227
222099,2001,253,37,290,268,0,0,0,0,290,268
222105,2001,38,106,144,80,0,0,0,0,144,80
222178,2001,3908,326,4234,4036,214,225,439,303,4673,4339
222567,2001,1425,2246,3671,2317,0,0,0,0,3671,2317
222576,2001,3039,5718,8757,5309,0,0,0,0,8757,5309
222628,2001,389,268,657,494,431,587,1018,655,1675,1149
222646,2001,30,7,37,33,0,0,0,0,37,33
222673,2001,84,43,127,101,0,0,0,0,127,101
222682,2001,138,66,204,164,0,0,0,0,204,164
222691,2001,160,49,209,179,0,0,0,0,209,179
222707,2001,40,13,53,45,0,0,0,0,53,45
222761,2001,270,,270,270,0,0,0,0,270,270
222813,2001,6,,6,6,0,0,0,0,6,6
222822,2001,2083,2588,4671,3111,0,0,0,0,4671,3111
222831,2001,4730,1103,5833,5175,179,254,433,271,6266,5446
222877,2001,195,45,240,213,0,0,0,0,240,213
222886,2001,191,46,237,209,0,0,0,0,237,209
222938,2001,1029,522,1551,1236,0,0,0,0,1551,1236
222983,2001,1219,8,1227,1222,34,0,34,34,1261,1256
222992,2001,7623,21699,29322,16239,0,0,0,0,29322,16239
223001,2001,,,0,0,139,120,259,186,259,186
223056,2001,81,,81,81,0,0,0,0,81,81
223083,2001,282,,282,282,0,0,0,0,282,282
223117,2001,10,24,34,19,13,35,48,29,82,48
223214,2001,61,1,62,61,742,169,911,803,973,864
223223,2001,,,0,0,1211,0,1211,1211,1211,1211
223232,2001,11689,501,12190,11886,1623,408,2031,1790,14221,13676
223320,2001,1509,1750,3259,2204,0,0,0,0,3259,2204
223427,2001,7000,5484,12484,9177,0,0,0,0,12484,9177
223463,2001,582,,582,582,0,0,0,0,582,582
223472,2001,158,,158,158,0,0,0,0,158,158
223506,2001,1100,2922,4022,2260,0,0,0,0,4022,2260
223524,2001,2881,6254,9135,5364,0,0,0,0,9135,5364
223612,2001,125,,125,125,0,0,0,0,125,125
223658,2001,121,,121,121,0,0,0,0,121,121
223667,2001,101,,101,101,0,0,0,0,101,101
223773,2001,1115,2852,3967,2247,0,0,0,0,3967,2247
223816,2001,2788,12685,15473,7825,0,0,0,0,15473,7825
223825,2001,87,,87,87,0,0,0,0,87,87
223852,2001,49,,49,49,0,0,0,0,49,49
223870,2001,41,32,73,54,0,0,0,0,73,54
223898,2001,1159,1557,2716,1777,0,0,0,0,2716,1777
223922,2001,402,488,890,596,0,0,0,0,890,596
224004,2001,602,197,799,679,3,42,45,19,844,698
224013,2001,21,31,52,33,0,0,0,0,52,33
224110,2001,2279,2899,5178,3430,0,0,0,0,5178,3430
224147,2001,4567,1399,5966,5132,316,1087,1403,709,7369,5841
224156,2001,80,,80,80,0,0,0,0,80,80
224183,2001,441,141,582,497,0,0,0,0,582,497
224226,2001,1540,1800,3340,2247,197,765,962,489,4302,2736
224244,2001,178,103,281,218,0,0,0,0,281,218
224271,2001,148,2,150,149,0,0,0,0,150,149
224305,2001,,,0,0,889,718,1607,1191,1607,1191
224323,2001,1185,70,1255,1212,414,1849,2263,1120,3518,2332
224350,2001,3497,6759,10256,6181,0,0,0,0,10256,6181
224402,2001,2232,1337,3569,2757,0,0,0,0,3569,2757
224439,2001,391,,391,391,0,0,0,0,391,391
224527,2001,1339,170,1509,1406,0,0,0,0,1509,1406
224536,2001,53,,53,53,0,0,0,0,53,53
224545,2001,344,501,845,546,52,346,398,177,1243,723
224554,2001,3094,1404,4498,3661,686,2804,3490,1700,7988,5361
224572,2001,2867,6135,9002,5303,0,0,0,0,9002,5303
224615,2001,1278,3319,4597,2596,0,0,0,0,4597,2596
224642,2001,8607,11456,20063,13156,0,0,0,0,20063,13156
224660,2001,380,64,444,405,0,0,0,0,444,405
224679,2001,251,56,307,273,0,0,0,0,307,273
224712,2001,,,0,0,60,47,107,78,107,78
224758,2001,70,6,76,72,0,0,0,0,76,72
224776,2001,954,470,1424,1139,0,0,0,0,1424,1139
224828,2001,193,,193,193,0,0,0,0,193,193
224891,2001,545,361,906,688,0,0,0,0,906,688
224907,2001,109,,109,109,0,0,0,0,109,109
224961,2001,682,1573,2255,1307,0,0,0,0,2255,1307
225070,2001,1623,1848,3471,2357,0,0,0,0,3471,2357
225201,2001,619,,619,619,0,0,0,0,619,619
225247,2001,1670,232,1902,1761,163,211,374,249,2276,2010
225308,2001,1879,2879,4758,3022,0,0,0,0,4758,3022
225326,2001,21,,21,21,0,0,0,0,21,21
225371,2001,1163,1531,2694,1771,0,0,0,0,2694,1771
225399,2001,1679,274,1953,1787,624,252,876,720,2829,2507
225414,2001,2041,2087,4128,2883,1122,2488,3610,2022,7738,4905
225423,2001,11602,26573,38175,22153,0,0,0,0,38175,22153
225432,2001,4753,4890,9643,6726,1,60,61,23,9704,6749
225502,2001,329,564,893,557,207,827,1034,506,1927,1063
225511,2001,17642,7588,25230,20704,4330,3447,7777,5636,33007,26340
225520,2001,1142,1347,2489,1677,0,0,0,0,2489,1677
225548,2001,1164,357,1521,1304,0,0,0,0,1521,1304
225566,2001,13,,13,13,0,0,0,0,13,13
225575,2001,472,146,618,529,0,0,0,0,618,529
225627,2001,2116,1403,3519,2667,187,577,764,407,4283,3074
225724,2001,256,69,325,283,0,0,0,0,325,283
225760,2001,609,,609,609,0,0,0,0,609,609
225779,2001,421,125,546,471,0,0,0,0,546,471
225788,2001,227,1,228,227,0,0,0,0,228,227
225849,2001,473,2,475,474,0,0,0,0,475,474
225858,2001,569,,569,569,0,0,0,0,569,569
225867,2001,439,,439,439,0,0,0,0,439,439
225876,2001,196,63,259,221,0,0,0,0,259,221
225885,2001,564,7,571,567,0,0,0,0,571,567
225991,2001,148,3,151,149,0,0,0,0,151,149
226019,2001,2237,1956,4193,3014,0,0,0,0,4193,3014
226091,2001,6662,3609,10271,8118,481,462,943,648,11214,8766
226107,2001,854,1166,2020,1317,0,0,0,0,2020,1317
226116,2001,1003,1320,2323,1527,0,0,0,0,2323,1527
226125,2001,136,,136,136,0,0,0,0,136,136
226134,2001,2999,4494,7493,4783,0,0,0,0,7493,4783
226152,2001,1682,927,2609,2056,116,648,764,350,3373,2406
226204,2001,2009,4327,6336,3727,0,0,0,0,6336,3727
226231,2001,1239,1568,2807,1855,32,259,291,131,3098,1986
226277,2001,468,,468,468,0,0,0,0,468,468
226329,2001,350,57,407,373,0,0,0,0,407,373
226374,2001,14,,14,14,0,0,0,0,14,14
226383,2001,1432,269,1701,1538,52,70,122,79,1823,1617
226408,2001,1192,2154,3346,2047,0,0,0,0,3346,2047
226471,2001,2070,364,2434,2213,40,150,190,97,2624,2310
226578,2001,2835,3298,6133,4144,0,0,0,0,6133,4144
226587,2001,1172,206,1378,1253,0,0,0,0,1378,1253
226675,2001,241,,241,241,0,0,0,0,241,241
226772,2001,35,43,78,52,0,0,0,0,78,52
226790,2001,703,,703,703,0,0,0,0,703,703
226806,2001,1833,3234,5067,3117,0,0,0,0,5067,3117
226833,2001,3806,1482,5288,4404,129,552,681,329,5969,4733
226860,2001,70,,70,70,0,0,0,0,70,70
226879,2001,184,,184,184,0,0,0,0,184,184
226903,2001,179,,179,179,0,0,0,0,179,179
226930,2001,1828,4227,6055,3506,0,0,0,0,6055,3506
227003,2001,1530,18,1548,1537,0,0,0,0,1548,1537
227058,2001,55,96,151,93,0,0,0,0,151,93
227146,2001,2516,1895,4411,3268,0,0,0,0,4411,3268
227155,2001,,52,52,21,0,0,0,0,52,21
227182,2001,9592,18233,27825,16832,0,0,0,0,27825,16832
227191,2001,2534,5666,8200,4784,0,0,0,0,8200,4784
227216,2001,16935,4740,21675,18848,2175,4008,6183,3625,27858,22473
227225,2001,1159,1053,2212,1577,0,0,0,0,2212,1577
227243,2001,840,274,1114,948,0,0,0,0,1114,948
227289,2001,9,15,24,15,65,55,120,90,144,105
227298,2001,106,5,111,108,0,0,0,0,111,108
227304,2001,1546,3033,4579,2750,0,0,0,0,4579,2750
227313,2001,328,,328,328,0,0,0,0,328,328
227322,2001,113,,113,113,0,0,0,0,113,113
227331,2001,1330,866,2196,1670,249,879,1128,585,3324,2255
227368,2001,7896,4075,11971,9540,391,1278,1669,853,13640,10393
227377,2001,3937,4670,8607,5822,60,706,766,315,9373,6137
227386,2001,910,583,1493,1141,0,0,0,0,1493,1141
227401,2001,1496,1794,3290,2208,0,0,0,0,3290,2208
227429,2001,743,85,828,776,0,0,0,0,828,776
227526,2001,4890,497,5387,5091,443,917,1360,775,6747,5866
227614,2001,209,,209,209,0,0,0,0,209,209
227687,2001,515,326,841,644,0,0,0,0,841,644
227757,2001,2705,23,2728,2714,1592,47,1639,1610,4367,4324
227766,2001,4780,8533,13313,8168,0,0,0,0,13313,8168
227836,2001,404,,404,404,0,0,0,0,404,404
227845,2001,2324,1045,3369,2735,130,652,782,379,4151,3114
227854,2001,3307,5019,8326,5300,0,0,0,0,8326,5300
227863,2001,1293,543,1836,1506,279,2173,2452,1111,4288,2617
227872,2001,78,7,85,80,0,0,0,0,85,80
227881,2001,9214,2059,11273,10045,386,1337,1723,870,12996,10915
227924,2001,7630,12434,20064,12567,0,0,0,0,20064,12567
227979,2001,3867,7272,11139,6754,0,0,0,0,11139,6754
227997,2001,1819,3157,4976,3073,0,0,0,0,4976,3073
228006,2001,2300,4411,6711,4051,0,0,0,0,6711,4051
228042,2001,680,111,791,724,15,0,15,15,806,739
228088,2001,49,,49,49,0,0,0,0,49,49
228149,2001,2342,271,2613,2448,902,620,1522,1140,4135,3588
228158,2001,3587,4680,8267,5445,0,0,0,0,8267,5445
228194,2001,,,0,0,831,419,1250,1060,1250,1060
228200,2001,162,37,199,177,0,0,0,0,199,177
228219,2001,195,26,221,205,0,0,0,0,221,205
228228,2001,130,,130,130,0,0,0,0,130,130
228246,2001,5497,339,5836,5630,1835,2595,4430,2859,10266,8489
228282,2001,208,,208,208,0,0,0,0,208,208
228291,2001,91,,91,91,0,0,0,0,91,91
228316,2001,1647,2209,3856,2524,0,0,0,0,3856,2524
228325,2001,1355,252,1607,1454,45,86,131,78,1738,1532
228343,2001,1294,26,1320,1304,0,0,0,0,1320,1304
228431,2001,9002,1298,10300,9526,473,796,1269,761,11569,10287
228459,2001,16090,4089,20179,17740,1094,2244,3338,1906,23517,19646
228468,2001,821,342,1163,955,6,22,28,14,1191,969
228477,2001,36,238,274,129,1364,1428,2792,2022,3066,2151
228486,2001,190,7,197,193,0,0,0,0,197,193
228501,2001,1434,559,1993,1660,184,621,805,409,2798,2069
228529,2001,5227,1488,6715,5827,286,1026,1312,657,8027,6484
228547,2001,10773,18079,28852,17951,0,0,0,0,28852,17951
228608,2001,1382,2203,3585,2257,0,0,0,0,3585,2257
228635,2001,145,70,215,173,1308,31,1339,1319,1554,1492
228644,2001,713,183,896,787,1571,198,1769,1643,2665,2430
228653,2001,357,205,562,440,1244,121,1365,1288,1927,1728
228680,2001,3077,991,4068,3470,0,0,0,0,4068,3470
228699,2001,1601,2274,3875,2504,0,0,0,0,3875,2504
228705,2001,3879,1124,5003,4333,427,718,1145,687,6148,5020
228714,2001,1235,131,1366,1288,0,0,0,0,1366,1288
228723,2001,33776,2827,36603,34917,6006,2009,8015,6733,44618,41650
228769,2001,11185,5144,16329,13261,2173,2678,4851,3142,21180,16403
228778,2001,34027,4582,38609,35876,10853,1154,12007,11278,50616,47154
228787,2001,4870,2620,7490,5927,1985,2979,4964,3063,12454,8990
228796,2001,10013,3629,13642,11477,916,1662,2578,1517,16220,12994
228802,2001,1771,925,2696,2144,181,851,1032,489,3728,2633
228820,2001,96,,96,96,0,0,0,0,96,96
228866,2001,,,0,0,397,1,398,398,398,398
228875,2001,6344,541,6885,6557,500,669,1169,774,8054,7331
228884,2001,496,15,511,502,0,0,0,0,511,502
228909,2001,16,,16,16,681,124,805,726,821,742
228981,2001,1266,207,1473,1347,0,0,0,0,1473,1347
229018,2001,1197,583,1780,1432,113,516,629,300,2409,1732
229027,2001,12003,4853,16856,13961,757,2268,3025,1577,19881,15538
229036,2001,455,,455,455,0,0,0,0,455,455
229063,2001,5448,1037,6485,5866,906,728,1634,1219,8119,7085
229115,2001,18904,2365,21269,19858,2913,1391,4304,3418,25573,23276
229151,2001,168,,168,168,0,0,0,0,168,168
229160,2001,1092,622,1714,1336,651,574,1225,918,2939,2254
229179,2001,3189,1216,4405,3680,1016,2507,3523,1923,7928,5603
229267,2001,2328,55,2383,2350,110,96,206,147,2589,2497
229300,2001,323,9,332,327,2040,912,2952,2370,3284,2697
229319,2001,2002,1844,3846,2734,0,0,0,0,3846,2734
229328,2001,1042,564,1606,1266,0,0,0,0,1606,1266
229337,2001,358,105,463,400,1144,181,1325,1219,1788,1619
229355,2001,4927,3619,8546,6364,0,0,0,0,8546,6364
229416,2001,1650,,1650,1650,0,0,0,0,1650,1650
229425,2001,112,156,268,174,0,0,0,0,268,174
229504,2001,622,1647,2269,1276,0,0,0,0,2269,1276
229522,2001,37,43,80,54,0,0,0,0,80,54
229540,2001,1673,2337,4010,2601,0,0,0,0,4010,2601
229780,2001,929,4099,5028,2539,47,494,541,236,5569,2775
229799,2001,1677,1484,3161,2266,0,0,0,0,3161,2266
229814,2001,4278,1117,5395,4729,265,1015,1280,632,6675,5361
229832,2001,371,996,1367,766,0,0,0,0,1367,766
229841,2001,2556,2726,5282,3638,0,0,0,0,5282,3638
229887,2001,557,27,584,568,0,0,0,0,584,568
229920,2001,74,,74,74,0,0,0,0,74,74
229957,2001,191,,191,191,0,0,0,0,191,191
229984,2001,46,8,54,49,0,0,0,0,54,49
230010,2001,219,161,380,273,0,0,0,0,380,273
230038,2001,26537,3278,29815,27825,1864,1092,2956,2282,32771,30107
230047,2001,2177,101,2278,2217,0,0,0,0,2278,2217
230056,2001,182,1,183,182,0,0,0,0,183,182
230074,2001,25,491,516,220,0,0,0,0,516,220
230092,2001,1704,1042,2746,2118,0,0,0,0,2746,2118
230135,2001,44,48,92,63,0,0,0,0,92,63
230144,2001,35,31,66,47,0,0,0,0,66,47
230162,2001,144,1100,1244,581,0,0,0,0,1244,581
230171,2001,3170,3831,7001,4716,0,0,0,0,7001,4716
230199,2001,41,,41,41,0,0,0,0,41,41
230205,2001,40,,40,40,0,0,0,0,40,40
230214,2001,30,47,77,49,0,0,0,0,77,49
230223,2001,14,13,27,19,0,0,0,0,27,19
230366,2001,64,12,76,69,0,0,0,0,76,69
230384,2001,469,3,472,470,0,0,0,0,472,470
230418,2001,788,237,1025,882,0,0,0,0,1025,882
230472,2001,654,633,1287,905,0,0,0,0,1287,905
230490,2001,431,1326,1757,876,0,0,0,0,1757,876
230560,2001,395,601,996,597,0,0,0,0,996,597
230597,2001,2685,1411,4096,3245,0,0,0,0,4096,3245
230603,2001,4601,1283,5884,5119,47,164,211,106,6095,5225
230621,2001,363,,363,363,0,0,0,0,363,363
230630,2001,184,,184,184,0,0,0,0,184,184
230676,2001,246,244,490,328,0,0,0,0,490,328
230728,2001,12760,6535,19295,15397,1134,2572,3706,2064,23001,17461
230737,2001,11064,11545,22609,15723,0,0,0,0,22609,15723
230746,2001,7897,15804,23701,14172,0,0,0,0,23701,14172
230764,2001,14076,8104,22180,17346,3981,1507,5488,4529,27668,21875
230782,2001,9813,6806,16619,12560,69,185,254,136,16873,12696
230807,2001,1676,303,1979,1795,133,362,495,271,2474,2066
230816,2001,536,1,537,536,129,7,136,132,673,668
230825,2001,135,99,234,174,0,0,0,0,234,174
230834,2001,1358,184,1542,1432,25,89,114,57,1656,1489
230852,2001,1521,1018,2539,1921,0,0,0,0,2539,1921
230861,2001,699,3918,4617,2255,0,0,0,0,4617,2255
230889,2001,317,,317,317,300,0,300,300,617,617
230898,2001,631,28,659,642,0,0,0,0,659,642
230913,2001,998,389,1387,1155,46,157,203,103,1590,1258
230931,2001,1014,230,1244,1107,1,22,23,9,1267,1116
230940,2001,321,10,331,325,79,16,95,85,426,410
230959,2001,2270,58,2328,2293,0,6,6,2,2334,2295
230977,2001,359,,359,359,0,0,0,0,359,359
230995,2001,1897,131,2028,1948,464,20,484,472,2512,2420
231004,2001,63,,63,63,0,0,0,0,63,63
231059,2001,1944,77,2021,1974,83,526,609,284,2630,2258
231068,2001,,,0,0,181,359,540,318,540,318
231077,2001,179,134,313,232,50,119,169,95,482,327
231086,2001,307,149,456,366,0,0,0,0,456,366
231095,2001,80,2,82,81,0,0,0,0,82,81
231147,2001,,,0,0,558,8,566,561,566,561
231165,2001,889,383,1272,1044,0,0,0,0,1272,1044
231174,2001,7214,1375,8589,7769,872,617,1489,1095,10078,8864
231192,2001,114,43,157,131,0,0,0,0,157,131
231280,2001,24,10,34,28,0,0,0,0,34,28
231402,2001,,,0,0,0,34,34,13,34,13
231411,2001,349,,349,349,0,0,0,0,349,349
231420,2001,1138,625,1763,1384,227,406,633,382,2396,1766
231536,2001,1148,2049,3197,1962,0,0,0,0,3197,1962
231554,2001,669,182,851,740,0,0,0,0,851,740
231563,2001,221,,221,221,0,0,0,0,221,221
231572,2001,47,,47,47,0,0,0,0,47,47
231581,2001,1240,20,1260,1248,0,0,0,0,1260,1248
231624,2001,5527,77,5604,5558,1404,481,1885,1579,7489,7137
231642,2001,534,,534,534,0,0,0,0,534,534
231651,2001,1,55,56,23,1254,1379,2633,1819,2689,1842
231697,2001,1044,3531,4575,2446,0,0,0,0,4575,2446
231712,2001,4041,1117,5158,4492,39,191,230,108,5388,4600
231721,2001,21,14,35,27,0,0,0,0,35,27
231785,2001,200,97,297,238,0,0,0,0,297,238
231828,2001,198,97,295,237,0,0,0,0,295,237
231837,2001,423,225,648,511,0,0,0,0,648,511
231873,2001,359,906,1265,719,0,0,0,0,1265,719
231882,2001,1138,2335,3473,2065,0,0,0,0,3473,2065
231970,2001,15,,15,15,598,32,630,610,645,625
232016,2001,245,,245,245,0,0,0,0,245,245
232025,2001,961,28,989,972,0,90,90,34,1079,1006
232043,2001,970,50,1020,990,111,173,284,185,1304,1175
232052,2001,185,699,884,463,0,0,0,0,884,463
232089,2001,880,40,920,896,0,0,0,0,920,896
232186,2001,11329,4473,15802,13134,1755,7340,9095,4495,24897,17629
232195,2001,1112,3158,4270,2366,0,0,0,0,4270,2366
232256,2001,1026,,1026,1026,0,0,0,0,1026,1026
232265,2001,4600,365,4965,4743,382,440,822,550,5787,5293
232292,2001,48,,48,48,0,0,0,0,48,48
232308,2001,774,44,818,791,90,183,273,160,1091,951
232353,2001,14,3,17,15,0,0,0,0,17,15
232362,2001,,,0,0,17,0,17,17,17,17
232414,2001,2647,8432,11079,5995,0,0,0,0,11079,5995
232423,2001,13720,870,14590,14071,429,543,972,625,15562,14696
232450,2001,1265,4283,5548,2966,0,0,0,0,5548,2966
232469,2001,604,31,635,616,0,0,0,0,635,616
232502,2001,766,,766,766,0,0,0,0,766,766
232557,2001,4548,843,5391,4879,311,460,771,490,6162,5369
232566,2001,3440,120,3560,3488,85,469,554,255,4114,3743
232575,2001,1157,3034,4191,2362,0,0,0,0,4191,2362
232593,2001,51,,51,51,0,0,0,0,51,51
232609,2001,1588,145,1733,1645,74,130,204,124,1937,1769
232618,2001,166,36,202,180,0,0,0,0,202,180
232672,2001,1096,393,1489,1250,37,38,75,52,1564,1302
232681,2001,3400,771,4171,3711,45,265,310,141,4481,3852
232706,2001,1523,518,2041,1726,388,1046,1434,788,3475,2514
232724,2001,68,,68,68,0,0,0,0,68,68
232788,2001,1209,1707,2916,1887,0,0,0,0,2916,1887
232797,2001,1280,532,1812,1489,0,0,0,0,1812,1489
232867,2001,1769,2178,3947,2634,0,0,0,0,3947,2634
232885,2001,86,,86,86,0,0,0,0,86,86
232919,2001,88,,88,88,0,0,0,0,88,88
232937,2001,4764,1199,5963,5248,259,499,758,439,6721,5687
232946,2001,11050,27109,38159,21814,0,0,0,0,38159,21814
232982,2001,8741,4357,13098,10499,1451,5078,6529,3288,19627,13787
233019,2001,785,2239,3024,1674,0,0,0,0,3024,1674
233037,2001,344,1148,1492,800,0,0,0,0,1492,800
233082,2001,57,27,84,68,0,0,0,0,84,68
233091,2001,138,18,156,145,0,0,0,0,156,145
233116,2001,889,3282,4171,2192,0,0,0,0,4171,2192
233189,2001,57,132,189,109,0,0,0,0,189,109
233277,2001,7526,535,8061,7742,418,663,1081,658,9142,8400
233286,2001,35,8,43,38,0,0,0,0,43,38
233295,2001,1078,72,1150,1106,0,0,0,0,1150,1106
233301,2001,694,33,727,707,0,0,0,0,727,707
233310,2001,473,1585,2058,1102,0,0,0,0,2058,1102
233329,2001,114,116,230,160,0,0,0,0,230,160
233338,2001,761,543,1304,977,0,0,0,0,1304,977
233356,2001,110,,110,110,0,0,0,0,110,110
233365,2001,77,,77,77,0,0,0,0,77,77
233374,2001,2945,718,3663,3227,506,200,706,584,4369,3811
233383,2001,7,,7,7,0,0,0,0,7,7
233408,2001,136,,136,136,0,0,0,0,136,136
233417,2001,15,,15,15,0,0,0,0,15,15
233426,2001,1667,123,1790,1715,0,0,0,0,1790,1715
233499,2001,458,97,555,496,0,0,0,0,555,496
233541,2001,1241,120,1361,1288,551,539,1090,772,2451,2060
233596,2001,19,,19,19,0,0,0,0,19,19
233611,2001,423,22,445,432,0,0,0,0,445,432
233639,2001,1062,3251,4313,2353,0,0,0,0,4313,2353
233648,2001,1825,2367,4192,2765,0,0,0,0,4192,2765
233657,2001,70,25,95,80,0,0,0,0,95,80
233666,2001,18,7,25,21,0,0,0,0,25,21
233718,2001,682,56,738,704,0,0,0,0,738,704
233754,2001,2485,5400,7885,4629,0,0,0,0,7885,4629
233772,2001,6926,14353,21279,12625,0,0,0,0,21279,12625
233842,2001,,,0,0,239,100,339,281,339,281
233897,2001,1209,271,1480,1318,0,0,0,0,1480,1318
233903,2001,993,1356,2349,1531,0,0,0,0,2349,1531
233912,2001,758,211,969,841,0,0,0,0,969,841
233921,2001,20962,631,21593,21217,3959,2651,6610,4918,28203,26135
233949,2001,1747,6157,7904,4192,0,0,0,0,7904,4192
234030,2001,12073,5075,17148,14121,3802,4051,7853,5291,25001,19412
234076,2001,12796,968,13764,13187,5408,3567,8975,6698,22739,19885
234085,2001,1311,,1311,1311,0,0,0,0,1311,1311
234119,2001,113,38,151,128,0,0,0,0,151,128
234155,2001,3521,332,3853,3655,50,735,785,316,4638,3971
234164,2001,1318,59,1377,1341,273,62,335,307,1712,1648
234173,2001,1059,353,1412,1198,0,0,0,0,1412,1198
234191,2001,62,,62,62,0,0,0,0,62,62
234207,2001,1703,9,1712,1707,357,3,360,359,2072,2066
234216,2001,478,,478,478,0,0,0,0,478,478
234225,2001,229,,229,229,0,0,0,0,229,229
234359,2001,238,,238,238,0,0,0,0,238,238
234377,2001,855,1635,2490,1504,0,0,0,0,2490,1504
234401,2001,57,,57,57,0,0,0,0,57,57
234492,2001,1995,450,2445,2174,0,0,0,0,2445,2174
234650,2001,65,,65,65,0,0,0,0,65,65
234669,2001,5187,6605,11792,7810,0,0,0,0,11792,7810
234687,2001,70,,70,70,0,0,0,0,70,70
234696,2001,761,2948,3709,1932,0,0,0,0,3709,1932
234711,2001,1198,714,1912,1481,0,0,0,0,1912,1481
234739,2001,136,,136,136,0,0,0,0,136,136
234784,2001,480,,480,480,0,0,0,0,480,480
234827,2001,7291,1026,8317,7705,230,279,509,331,8826,8036
234845,2001,1349,1696,3045,2022,0,0,0,0,3045,2022
234915,2001,242,2803,3045,1343,545,4003,4548,2074,7593,3417
234924,2001,58,,58,58,0,0,0,0,58,58
234933,2001,3812,5462,9274,5981,0,0,0,0,9274,5981
234951,2001,1700,5729,7429,3975,0,0,0,0,7429,3975
234960,2001,165,93,258,202,0,0,0,0,258,202
234979,2001,2485,3558,6043,3898,0,0,0,0,6043,3898
235024,2001,614,36,650,628,0,0,0,0,650,628
235088,2001,121,,121,121,0,0,0,0,121,121
235097,2001,7072,886,7958,7430,631,343,974,755,8932,8185
235103,2001,3280,4458,7738,5050,0,0,0,0,7738,5050
235149,2001,2974,2767,5741,4073,0,0,0,0,5741,4073
235158,2001,53,15,68,59,0,0,0,0,68,59
235167,2001,3486,515,4001,3694,112,114,226,153,4227,3847
235237,2001,2966,3532,6498,4368,0,0,0,0,6498,4368
235273,2001,11,,11,11,0,0,0,0,11,11
235307,2001,46,,46,46,0,0,0,0,46,46
235316,2001,3142,217,3359,3227,624,891,1515,968,4874,4195
235334,2001,1095,1080,2175,1524,0,0,0,0,2175,1524
235343,2001,3530,2676,6206,4593,0,0,0,0,6206,4593
235352,2001,68,,68,68,0,0,0,0,68,68
235422,2001,389,336,725,521,360,139,499,413,1224,934
235431,2001,3229,3143,6372,4477,0,0,0,0,6372,4477
235501,2001,291,,291,291,0,0,0,0,291,291
235510,2001,435,1,436,435,0,0,0,0,436,435
235529,2001,422,,422,422,0,0,0,0,422,422
235547,2001,169,29,198,180,692,227,919,789,1117,969
235583,2001,168,,168,168,0,0,0,0,168,168
235671,2001,2693,3392,6085,4040,0,0,0,0,6085,4040
235699,2001,1423,2223,3646,2306,0,0,0,0,3646,2306
235750,2001,1847,1532,3379,2455,0,0,0,0,3379,2455
235769,2001,93,21,114,101,0,0,0,0,114,101
236009,2001,11,,11,11,0,0,0,0,11,11
236018,2001,65,,65,65,0,0,0,0,65,65
236027,2001,35,,35,35,0,0,0,0,35,35
236072,2001,2187,3441,5628,3553,0,0,0,0,5628,3553
236090,2001,,,0,0,30,48,78,54,78,54
236106,2001,,,0,0,147,59,206,170,206,170
236133,2001,998,48,1046,1017,17,3,20,18,1066,1035
236188,2001,3101,2796,5897,4211,0,0,0,0,5897,4211
236212,2001,478,,478,478,0,0,0,0,478,478
236230,2001,2905,240,3145,2999,145,136,281,197,3426,3196
236258,2001,1340,2239,3579,2229,0,0,0,0,3579,2229
236267,2001,30,,30,30,0,0,0,0,30,30
236300,2001,100,26,126,110,0,0,0,0,126,110
236328,2001,2518,86,2604,2552,162,82,244,193,2848,2745
236382,2001,1258,3358,4616,2591,0,0,0,0,4616,2591
236452,2001,794,407,1201,954,184,89,273,218,1474,1172
236504,2001,1806,3873,5679,3344,0,0,0,0,5679,3344
236513,2001,3640,3182,6822,4903,0,0,0,0,6822,4903
236531,2001,300,,300,300,0,0,0,0,300,300
236559,2001,44,12,56,49,0,0,0,0,56,49
236577,2001,2531,297,2828,2648,239,548,787,448,3615,3096
236595,2001,3047,305,3352,3167,1140,1489,2629,1759,5981,4926
236610,2001,3555,3193,6748,4823,0,0,0,0,6748,4823
236638,2001,2416,2961,5377,3592,0,0,0,0,5377,3592
236656,2001,2166,2415,4581,3125,0,0,0,0,4581,3125
236692,2001,4698,2160,6858,5556,0,0,0,0,6858,5556
236708,2001,4643,4692,9335,6506,0,0,0,0,9335,6506
236744,2001,41,,41,41,0,0,0,0,41,41
236753,2001,3216,2632,5848,4261,0,0,0,0,5848,4261
236887,2001,2133,2302,4435,3047,0,0,0,0,4435,3047
236896,2001,1365,212,1577,1448,216,30,246,227,1823,1675
236939,2001,14560,2916,17476,15737,2410,1187,3597,2842,21073,18579
236948,2001,23281,3579,26860,24725,8631,1921,10552,9348,37412,34073
236975,2001,1747,1088,2835,2179,0,0,0,0,2835,2179
236993,2001,378,244,622,475,0,0,0,0,622,475
237011,2001,11062,585,11647,11298,594,168,762,655,12409,11953
237039,2001,2234,1759,3993,2932,0,0,0,0,3993,2932
237057,2001,1399,40,1439,1415,0,0,0,0,1439,1415
237066,2001,1749,129,1878,1800,66,163,229,128,2107,1928
237109,2001,2602,1516,4118,3204,0,0,0,0,4118,3204
237118,2001,678,63,741,703,61,0,61,61,802,764
237127,2001,35,,35,35,0,0,0,0,35,35
237136,2001,204,38,242,219,0,0,0,0,242,219
237145,2001,18,,18,18,0,0,0,0,18,18
237154,2001,1722,700,2422,1997,87,16,103,93,2525,2090
237172,2001,174,366,540,319,0,0,0,0,540,319
237181,2001,761,13,774,766,0,0,0,0,774,766
237215,2001,1799,969,2768,2190,0,0,0,0,2768,2190
237242,2001,511,71,582,535,0,0,0,0,582,535
237251,2001,10,,10,10,0,0,0,0,10,10
237288,2001,,,0,0,6,0,6,6,6,6
237303,2001,107,,107,107,0,0,0,0,107,107
237312,2001,857,234,1091,949,3,56,59,24,1150,973
237321,2001,80,34,114,93,0,0,0,0,114,93
237330,2001,2475,597,3072,2716,0,0,0,0,3072,2716
237358,2001,543,45,588,561,0,0,0,0,588,561
237367,2001,4600,2124,6724,5457,0,0,0,0,6724,5457
237385,2001,1567,576,2143,1799,0,0,0,0,2143,1799
237419,2001,65,,65,65,0,0,0,0,65,65
237437,2001,558,26,584,568,0,0,0,0,584,568
237473,2001,135,,135,135,0,0,0,0,135,135
237491,2001,47,,47,47,0,0,0,0,47,47
237516,2001,33,,33,33,0,0,0,0,33,33
237525,2001,9195,2667,11862,10271,1287,2887,4174,2331,16036,12602
237543,2001,71,,71,71,0,0,0,0,71,71
237552,2001,76,,76,76,0,0,0,0,76,76
237561,2001,104,17,121,110,0,0,0,0,121,110
237570,2001,34,,34,34,0,0,0,0,34,34
237598,2001,112,,112,112,0,0,0,0,112,112
237604,2001,1058,,1058,1058,0,0,0,0,1058,1058
237613,2001,49,,49,49,0,0,0,0,49,49
237640,2001,442,11,453,446,0,0,0,0,453,446
237659,2001,8,,8,8,0,0,0,0,8,8
237686,2001,1668,1672,3340,2343,0,0,0,0,3340,2343
237701,2001,751,507,1258,952,0,0,0,0,1258,952
237729,2001,48,204,252,116,0,0,0,0,252,116
237783,2001,446,10,456,450,29,56,85,50,541,500
237792,2001,2930,1461,4391,3520,0,0,0,0,4391,3520
237817,2001,1278,1245,2523,1772,0,0,0,0,2523,1772
237844,2001,263,8,271,266,0,0,0,0,271,266
237880,2001,,,0,0,294,0,294,294,294,294
237899,2001,3096,1739,4835,3798,0,0,0,0,4835,3798
237905,2001,41,,41,41,0,0,0,0,41,41
237914,2001,94,,94,94,0,0,0,0,94,94
237932,2001,2375,258,2633,2479,0,0,0,0,2633,2479
237950,2001,1652,701,2353,1935,20,1,21,20,2374,1955
237969,2001,1457,80,1537,1488,36,19,55,43,1592,1531
237978,2001,23,,23,23,0,0,0,0,23,23
237987,2001,251,,251,251,0,0,0,0,251,251
237996,2001,195,,195,195,0,0,0,0,195,195
238005,2001,48,,48,48,0,0,0,0,48,48
238014,2001,1044,2095,3139,1876,0,0,0,0,3139,1876
238032,2001,15181,940,16121,15560,3778,2875,6653,4827,22774,20387
238078,2001,1040,209,1249,1122,83,134,217,134,1466,1256
238096,2001,31,,31,31,0,0,0,0,31,31
238166,2001,58,,58,58,0,0,0,0,58,58
238175,2001,57,,57,57,0,0,0,0,57,57
238193,2001,997,782,1779,1304,6,167,173,70,1952,1374
238263,2001,4741,9610,14351,8557,0,0,0,0,14351,8557
238315,2001,10,,10,10,0,0,0,0,10,10
238324,2001,136,24,160,145,0,0,0,0,160,145
238333,2001,1205,68,1273,1232,0,0,0,0,1273,1232
238397,2001,1017,1323,2340,1542,0,0,0,0,2340,1542
238421,2001,33,33,66,46,0,0,0,0,66,46
238430,2001,2900,223,3123,2988,1688,1044,2732,2087,5855,5075
238458,2001,1915,765,2680,2216,45,196,241,120,2921,2336
238476,2001,1721,538,2259,1932,2,84,86,34,2345,1966
238616,2001,3009,912,3921,3367,253,636,889,496,4810,3863
238661,2001,1217,415,1632,1380,73,405,478,228,2110,1608
238722,2001,1624,5182,6806,3682,0,0,0,0,6806,3682
238759,2001,1214,5033,6247,3212,0,0,0,0,6247,3212
238786,2001,64,,64,64,0,0,0,0,64,64
238810,2001,40,40,80,56,0,0,0,0,80,56
238883,2001,,,0,0,66,0,66,66,66,66
238892,2001,417,4,421,419,0,0,0,0,421,419
238935,2001,,,0,0,53,288,341,163,341,163
238971,2001,42,,42,42,0,0,0,0,42,42
238980,2001,1250,2094,3344,2073,2,242,244,94,3588,2167
239008,2001,696,2190,2886,1566,0,0,0,0,2886,1566
239017,2001,1247,76,1323,1277,0,0,0,0,1323,1277
239071,2001,717,36,753,731,9,14,23,14,776,745
239080,2001,1078,551,1629,1294,49,881,930,386,2559,1680
239105,2001,6955,544,7499,7169,1841,1492,3333,2437,10832,9606
239132,2001,63,63,126,88,0,0,0,0,126,88
239150,2001,175,117,292,221,0,0,0,0,292,221
239169,2001,,,0,0,973,262,1235,1073,1235,1073
239187,2001,9,,9,9,0,0,0,0,9,9
239220,2001,941,2187,3128,1809,0,0,0,0,3128,1809
239248,2001,5223,11909,17132,9952,0,0,0,0,17132,9952
239309,2001,580,70,650,607,0,0,0,0,650,607
239318,2001,1765,481,2246,1954,20,297,317,133,2563,2087
239372,2001,1155,6441,7596,3712,0,0,0,0,7596,3712
239390,2001,527,553,1080,744,21,115,136,65,1216,809
239406,2001,378,294,672,493,0,0,0,0,672,493
239424,2001,,,0,0,38,8,46,41,46,41
239442,2001,588,977,1565,976,0,0,0,0,1565,976
239460,2001,1148,2815,3963,2266,0,0,0,0,3963,2266
239488,2001,2333,5274,7607,4427,0,0,0,0,7607,4427
239512,2001,742,52,794,762,0,0,0,0,794,762
239628,2001,884,19,903,891,0,0,0,0,903,891
239637,2001,,,0,0,61,30,91,74,91,74
239716,2001,1971,88,2059,2006,0,72,72,28,2131,2034
239725,2001,82,,82,82,0,0,0,0,82,82
239743,2001,263,400,663,420,60,197,257,135,920,555
239877,2001,37,3,40,38,0,0,0,0,40,38
239910,2001,831,1172,2003,1296,0,0,0,0,2003,1296
239929,2001,177,97,274,216,0,0,0,0,274,216
239965,2001,13,,13,13,0,0,0,0,13,13
240055,2001,8066,4183,12249,9727,0,0,0,0,12249,9727
240107,2001,1418,296,1714,1534,28,881,909,365,2623,1899
240116,2001,1876,2706,4582,2950,0,0,0,0,4582,2950
240125,2001,1236,5451,6687,3400,0,0,0,0,6687,3400
240170,2001,2038,3234,5272,3322,0,0,0,0,5272,3322
240189,2001,8387,962,9349,8775,296,904,1200,623,10549,9398
240198,2001,1690,2075,3765,2514,0,0,0,0,3765,2514
240213,2001,,,0,0,17,31,48,29,48,29
240222,2001,27,7,34,30,0,0,0,0,34,30
240240,2001,68,,68,68,0,0,0,0,68,68
240268,2001,9386,896,10282,9748,112,408,520,260,10802,10008
240277,2001,4288,1196,5484,4771,35,332,367,155,5851,4926
240329,2001,7935,557,8492,8160,318,840,1158,622,9650,8782
240338,2001,650,66,716,676,0,0,0,0,716,676
240365,2001,8177,1216,9393,8668,152,1488,1640,690,11033,9358
240374,2001,3397,1433,4830,3975,13,121,134,57,4964,4032
240392,2001,509,96,605,547,0,0,0,0,605,547
240417,2001,6563,756,7319,6868,275,458,733,441,8052,7309
240426,2001,2003,431,2434,2177,84,324,408,201,2842,2378
240444,2001,27021,2840,29861,28167,9095,1966,11061,9852,40922,38019
240453,2001,15034,4918,19952,17019,1595,2669,4264,2560,24216,19579
240462,2001,4800,562,5362,5027,54,184,238,121,5600,5148
240471,2001,5021,419,5440,5190,158,282,440,260,5880,5450
240480,2001,7623,786,8409,7940,161,262,423,256,8832,8196
240505,2001,1881,1754,3635,2577,0,0,0,0,3635,2577
240514,2001,649,895,1544,1004,0,0,0,0,1544,1004
240596,2001,477,814,1291,800,0,0,0,0,1291,800
240620,2001,1367,2496,3863,2358,0,0,0,0,3863,2358
240657,2001,1067,509,1576,1269,0,0,0,0,1576,1269
240666,2001,963,1766,2729,1664,0,0,0,0,2729,1664
240693,2001,940,1601,2541,1576,0,0,0,0,2541,1576
240709,2001,32,13,45,37,0,0,0,0,45,37
240718,2001,1550,,1550,1550,0,0,0,0,1550,1550
240727,2001,7351,1556,8907,7979,1315,2144,3459,2091,12366,10070
240736,2001,657,521,1178,864,0,0,0,0,1178,864
240745,2001,373,1232,1605,862,0,0,0,0,1605,862
240754,2001,2025,898,2923,2387,80,261,341,174,3264,2561
240790,2001,417,565,982,645,0,0,0,0,982,645
240879,2001,261,,261,261,0,0,0,0,261,261
240985,2001,250,,250,250,0,0,0,0,250,250
241100,2001,2171,242,2413,2266,0,0,0,0,2413,2266
241128,2001,1913,279,2192,2023,0,0,0,0,2192,2023
241146,2001,526,,526,526,0,0,0,0,526,526
241182,2001,146,,146,146,0,0,0,0,146,146
241191,2001,642,77,719,672,15,9,24,18,743,690
241216,2001,437,59,496,460,0,0,0,0,496,460
241225,2001,2306,649,2955,2561,197,182,379,267,3334,2828
241289,2001,125,,125,125,0,0,0,0,125,125
241304,2001,503,396,899,659,0,0,0,0,899,659
241331,2001,119,86,205,153,377,242,619,469,824,622
241377,2001,862,462,1324,1043,28,10,38,32,1362,1075
241386,2001,423,153,576,483,36,17,53,42,629,525
241395,2001,439,171,610,506,35,196,231,110,841,616
241401,2001,325,82,407,357,0,0,0,0,407,357
241410,2001,4839,859,5698,5176,783,1133,1916,1217,7614,6393
241517,2001,1439,,1439,1439,0,0,0,0,1439,1439
241614,2001,108,88,196,143,0,0,0,0,196,143
241702,2001,127,,127,127,0,0,0,0,127,127
241720,2001,583,186,769,657,0,0,0,0,769,657
241739,2001,4678,1410,6088,5232,475,531,1006,678,7094,5910
241766,2001,154,92,246,191,0,0,0,0,246,191
241793,2001,,,0,0,78,58,136,100,136,100
241836,2001,759,,759,759,0,0,0,0,759,759
241906,2001,410,,410,410,0,0,0,0,410,410
241951,2001,245,167,412,312,0,0,0,0,412,312
242042,2001,567,98,665,606,0,0,0,0,665,606
242112,2001,1359,372,1731,1507,0,0,0,0,1731,1507
242121,2001,310,95,405,348,0,0,0,0,405,348
242130,2001,371,65,436,397,0,0,0,0,436,397
242149,2001,579,65,644,605,0,0,0,0,644,605
242316,2001,414,,414,414,0,0,0,0,414,414
242413,2001,96,50,146,116,0,0,0,0,146,116
242422,2001,16651,2150,18801,17505,0,0,0,0,18801,17505
242556,2001,542,71,613,570,0,0,0,0,613,570
242565,2001,581,22,603,590,0,0,0,0,603,590
242583,2001,583,168,751,650,0,0,0,0,751,650
242617,2001,4005,805,4810,4321,271,661,932,524,5742,4845
242626,2001,3166,634,3800,3415,0,0,0,0,3800,3415
242635,2001,3203,787,3990,3512,41,93,134,77,4124,3589
242644,2001,1444,373,1817,1591,0,0,0,0,1817,1591
242653,2001,5056,2196,7252,5919,909,2365,3274,1813,10526,7732
242662,2001,3917,711,4628,4196,0,0,0,0,4628,4196
242680,2001,1743,362,2105,1885,0,0,0,0,2105,1885
242699,2001,1620,420,2040,1785,0,16,16,6,2056,1791
242705,2001,4508,867,5375,4849,0,0,0,0,5375,4849
242723,2001,,,0,0,446,265,711,591,711,591
242741,2001,226,30,256,238,0,0,0,0,256,238
242750,2001,194,,194,194,0,0,0,0,194,194
242820,2001,1680,,1680,1680,0,0,0,0,1680,1680
242884,2001,1838,,1838,1838,0,0,0,0,1838,1838
242936,2001,23,,23,23,0,0,0,0,23,23
242945,2001,141,48,189,160,0,0,0,0,189,160
242954,2001,19,,19,19,0,0,0,0,19,19
242972,2001,1743,358,2101,1884,0,0,0,0,2101,1884
242981,2001,1265,169,1434,1331,0,0,0,0,1434,1331
243072,2001,1014,144,1158,1071,0,0,0,0,1158,1071
243081,2001,,,0,0,374,3,377,375,377,375
243090,2001,45,,45,45,0,0,0,0,45,45
243106,2001,2718,558,3276,2943,0,0,0,0,3276,2943
243115,2001,3882,785,4667,4199,0,0,0,0,4667,4199
243133,2001,4487,1324,5811,5021,0,0,0,0,5811,5021
243142,2001,3170,1207,4377,3657,0,0,0,0,4377,3657
243151,2001,3665,354,4019,3808,0,0,0,0,4019,3808
243179,2001,3514,962,4476,3902,0,0,0,0,4476,3902
243188,2001,1416,205,1621,1499,0,0,0,0,1621,1499
243197,2001,10449,902,11351,10813,660,233,893,744,12244,11557
243203,2001,782,122,904,831,1612,192,1804,1681,2708,2512
243212,2001,3403,667,4070,3672,0,0,0,0,4070,3672
243221,2001,14751,3036,17787,15976,1899,1875,3774,2611,21561,18587
243346,2001,6045,2060,8105,6854,0,25,25,10,8130,6864
243382,2001,598,143,741,655,0,0,0,0,741,655
243407,2001,17,,17,17,0,0,0,0,17,17
243416,2001,301,,301,301,0,0,0,0,301,301
243443,2001,3362,1322,4684,3881,64,439,503,232,5187,4113
243498,2001,,,0,0,18,113,131,75,131,75
243559,2001,98,,98,98,0,0,0,0,98,98
243568,2001,61,18,79,68,257,1,258,258,337,326
243577,2001,2587,2308,4895,3494,279,234,513,368,5408,3862
243586,2001,1366,257,1623,1467,12,76,88,41,1711,1508
243601,2001,6751,1294,8045,7259,610,680,1290,870,9335,8129
243638,2001,988,229,1217,1079,0,0,0,0,1217,1079
243647,2001,384,195,579,461,0,0,0,0,579,461
243665,2001,727,529,1256,940,11,105,116,49,1372,989
243674,2001,373,475,848,565,8,63,71,31,919,596
243744,2001,6452,827,7279,6777,6057,5255,11312,8089,18591,14866
243762,2001,,,0,0,468,3,471,470,471,470
243780,2001,29692,2956,32648,30885,5203,2031,7234,5941,39882,36826
243799,2001,55,,55,55,0,0,0,0,55,55
243805,2001,127,15,142,133,17,0,17,17,159,150
243823,2001,,,0,0,685,9,694,690,694,690
243832,2001,645,50,695,665,60,12,72,65,767,730
243841,2001,450,34,484,463,0,0,0,0,484,463
243902,2001,36,,36,36,0,0,0,0,36,36
244011,2001,715,,715,715,0,0,0,0,715,715
244154,2001,419,,419,419,0,0,0,0,419,419
244190,2001,33,245,278,129,618,455,1073,857,1351,986
244233,2001,650,37,687,665,0,0,0,0,687,665
244279,2001,17,14,31,23,0,0,0,0,31,23
244321,2001,54,,54,54,0,0,0,0,54,54
244437,2001,6431,8941,15372,9981,0,0,0,0,15372,9981
244446,2001,1584,2457,4041,2560,0,0,0,0,4041,2560
244464,2001,5,12,17,10,10,13,23,16,40,26
244491,2001,61,,61,61,0,0,0,0,61,61
244561,2001,102,,102,102,0,0,0,0,102,102
244613,2001,37,135,172,91,0,0,0,0,172,91
245032,2001,17,1,18,17,0,0,0,0,18,17
245069,2001,25,,25,25,0,0,0,0,25,25
245245,2001,386,1489,1875,971,0,0,0,0,1875,971
245281,2001,34,,34,34,0,0,0,0,34,34
245290,2001,50,50,100,70,0,0,0,0,100,70
245342,2001,465,,465,465,0,0,0,0,465,465
245421,2001,90,,90,90,0,0,0,0,90,90
245430,2001,138,,138,138,0,0,0,0,138,138
245625,2001,375,606,981,616,0,0,0,0,981,616
245652,2001,437,5,442,439,70,13,83,75,525,514
245731,2001,24,2,26,25,14,3,17,15,43,40
245777,2001,49,,49,49,20,0,20,20,69,69
245838,2001,76,89,165,111,278,145,423,333,588,444
245847,2001,66,64,130,91,124,42,166,140,296,231
245865,2001,,,0,0,676,234,910,765,910,765
245883,2001,98,113,211,142,334,271,605,438,816,580
245892,2001,49,83,132,82,233,263,496,333,628,415
245953,2001,488,125,613,537,0,0,0,0,613,537
245962,2001,319,,319,319,0,0,0,0,319,319
245980,2001,12,,12,12,0,0,0,0,12,12
245999,2001,346,1171,1517,739,0,0,0,0,1517,739
246008,2001,267,,267,267,0,0,0,0,267,267
246017,2001,114,95,209,146,0,0,0,0,209,146
246035,2001,550,,550,550,0,0,0,0,550,550
246071,2001,49,,49,49,0,0,0,0,49,49
246202,2001,,,0,0,171,0,171,171,171,171
246266,2001,904,,904,904,0,0,0,0,904,904
246345,2001,,,0,0,50,156,206,117,206,117
246354,2001,2598,3554,6152,4009,0,0,0,0,6152,4009
246406,2001,20,,20,20,0,0,0,0,20,20
246415,2001,45,40,85,61,0,0,0,0,85,61
246460,2001,99,,99,99,0,0,0,0,99,99
246594,2001,34,,34,34,0,0,0,0,34,34
246600,2001,92,,92,92,0,0,0,0,92,92
246789,2001,,,0,0,72,34,106,85,106,85
246813,2001,1026,1732,2758,1714,0,0,0,0,2758,1714
246895,2001,1843,,1843,1843,0,0,0,0,1843,1843
246974,2001,362,,362,362,0,0,0,0,362,362
247010,2001,20,,20,20,0,0,0,0,20,20
247047,2001,44,2,46,45,0,0,0,0,46,45
247056,2001,,,0,0,0,6,6,2,6,2
247065,2001,221,40,261,237,0,0,0,0,261,237
247153,2001,70,54,124,91,0,0,0,0,124,91
247162,2001,,,0,0,5,103,108,53,108,53
247232,2001,76,,76,76,0,0,0,0,76,76
247409,2001,73,,73,73,0,0,0,0,73,73
247603,2001,1051,1430,2481,1619,0,0,0,0,2481,1619
247649,2001,153,102,255,193,0,0,0,0,255,193
247700,2001,133,198,331,211,0,0,0,0,331,211
247764,2001,,,0,0,0,1157,1157,442,1157,442
247773,2001,29,,29,29,5,1,6,5,35,34
247825,2001,16,32,48,29,5,22,27,13,75,42
247834,2001,5438,9059,14497,9035,0,0,0,0,14497,9035
247870,2001,189,101,290,229,0,0,0,0,290,229
247922,2001,,,0,0,12,0,12,12,12,12
247940,2001,1261,2109,3370,2098,0,0,0,0,3370,2098
248031,2001,38,,38,38,0,0,0,0,38,38
248165,2001,19,1,20,19,0,0,0,0,20,19
248192,2001,18,1,19,18,0,0,0,0,19,18
248305,2001,93,,93,93,0,0,0,0,93,93
248314,2001,18,2,20,19,0,0,0,0,20,19
248527,2001,44,,44,44,0,0,0,0,44,44
248606,2001,230,156,386,282,0,0,0,0,386,282
248624,2001,49,,49,49,0,0,0,0,49,49
248633,2001,50,,50,50,0,0,0,0,50,50
248660,2001,24,,24,24,0,0,0,0,24,24
248703,2001,170,,170,170,0,0,0,0,170,170
248776,2001,511,1307,1818,1030,0,0,0,0,1818,1030
248794,2001,537,340,877,672,0,0,0,0,877,672
248846,2001,250,26,276,260,0,0,0,0,276,260
248882,2001,103,173,276,171,0,0,0,0,276,171
248925,2001,478,288,766,575,0,0,0,0,766,575
248934,2001,2781,351,3132,2920,0,0,0,0,3132,2920
248943,2001,921,427,1348,1091,0,0,0,0,1348,1091
248970,2001,113,198,311,192,0,0,0,0,311,192
249061,2001,31,13,44,36,0,0,0,0,44,36
249140,2001,478,479,957,668,0,0,0,0,957,668
249238,2001,31,,31,31,0,0,0,0,31,31
249247,2001,596,,596,596,0,0,0,0,596,596
249566,2001,538,,538,538,0,0,0,0,538,538
249609,2001,180,,180,180,0,0,0,0,180,180
249636,2001,92,,92,92,0,0,0,0,92,92
249779,2001,98,67,165,125,0,0,0,0,165,125
250027,2001,258,7,265,261,0,0,0,0,265,261
250072,2001,17,40,57,33,0,0,0,0,57,33
250285,2001,149,,149,149,0,0,0,0,149,149
250407,2001,563,185,748,636,0,0,0,0,748,636
250498,2001,179,,179,179,0,0,0,0,179,179
250504,2001,90,66,156,116,0,0,0,0,156,116
250744,2001,125,55,180,147,0,0,0,0,180,147
250832,2001,29,,29,29,0,0,0,0,29,29
250902,2001,64,34,98,77,0,0,0,0,98,77
250920,2001,460,,460,460,0,0,0,0,460,460
250993,2001,44,11,55,48,0,0,0,0,55,48
251075,2001,287,53,340,308,0,0,0,0,340,308
251251,2001,364,,364,364,0,0,0,0,364,364
251260,2001,2658,1795,4453,3371,0,0,0,0,4453,3371
251312,2001,176,52,228,197,0,0,0,0,228,197
260196,2001,,,0,0,23,0,23,23,23,23
260293,2001,499,366,865,643,27,19,46,34,911,677
260336,2001,1,3,4,2,0,0,0,0,4,2
260354,2001,195,2,197,196,0,0,0,0,197,196
260363,2001,25,,25,25,0,0,0,0,25,25
260372,2001,303,213,516,388,0,0,0,0,516,388
260585,2001,44,6,50,46,0,0,0,0,50,46
260664,2001,387,,387,387,0,0,0,0,387,387
260691,2001,523,,523,523,0,0,0,0,523,523
260789,2001,229,,229,229,0,0,0,0,229,229
260804,2001,271,,271,271,0,0,0,0,271,271
260813,2001,201,,201,201,0,0,0,0,201,201
260895,2001,39,,39,39,0,0,0,0,39,39
260901,2001,420,325,745,549,0,0,0,0,745,549
260910,2001,426,11,437,430,0,0,0,0,437,430
260929,2001,143,,143,143,0,0,0,0,143,143
260947,2001,64,33,97,77,0,0,0,0,97,77
260956,2001,,,0,0,41,9,50,44,50,44
260965,2001,58,,58,58,0,0,0,0,58,58
260974,2001,440,7,447,443,0,0,0,0,447,443
260992,2001,136,667,803,401,0,0,0,0,803,401
261375,2001,127,131,258,179,0,0,0,0,258,179
261384,2001,153,,153,153,0,0,0,0,153,153
261393,2001,17,78,95,43,0,0,0,0,95,43
261436,2001,78,54,132,99,0,0,0,0,132,99
261472,2001,665,,665,665,0,0,0,0,665,665
261676,2001,45,,45,45,0,0,0,0,45,45
261685,2001,28,,28,28,0,0,0,0,28,28
261719,2001,67,,67,67,0,0,0,0,67,67
261773,2001,35,8,43,38,0,0,0,0,43,38
261852,2001,12,1,13,12,0,0,0,0,13,12
261861,2001,135,,135,135,0,0,0,0,135,135
261898,2001,9,9,18,13,0,0,0,0,18,13
261931,2001,354,,354,354,0,0,0,0,354,354
262013,2001,653,238,891,746,24,58,82,46,973,792
262022,2001,,,0,0,170,135,305,236,305,236
262031,2001,2566,3605,6171,3997,0,0,0,0,6171,3997
262086,2001,937,792,1729,1248,1268,1782,3050,1949,4779,3197
262129,2001,626,3,629,627,0,0,0,0,629,627
262138,2001,,,0,0,71,85,156,117,156,117
262156,2001,74,352,426,214,0,0,0,0,426,214
262235,2001,66,,66,66,0,0,0,0,66,66
262299,2001,51,,51,51,0,0,0,0,51,51
262305,2001,335,,335,335,0,0,0,0,335,335
262332,2001,723,,723,723,0,0,0,0,723,723
262341,2001,389,,389,389,0,0,0,0,389,389
262369,2001,67,,67,67,0,0,0,0,67,67
262402,2001,102,,102,102,0,0,0,0,102,102
262457,2001,693,,693,693,0,0,0,0,693,693
262509,2001,338,,338,338,0,0,0,0,338,338
262660,2001,87,,87,87,0,0,0,0,87,87
362700,2001,41,24,65,51,0,0,0,0,65,51
362782,2001,26,38,64,41,0,0,0,0,64,41
363013,2001,46,,46,46,0,0,0,0,46,46
363077,2001,101,15,116,107,0,0,0,0,116,107
363147,2001,9,10,19,13,0,0,0,0,19,13
363165,2001,399,115,514,445,0,0,0,0,514,445
363217,2001,15,,15,15,0,0,0,0,15,15
363378,2001,107,165,272,172,0,0,0,0,272,172
363387,2001,691,71,762,719,0,0,0,0,762,719
363396,2001,85,,85,85,0,0,0,0,85,85
363439,2001,175,141,316,231,0,0,0,0,316,231
363457,2001,58,75,133,88,0,0,0,0,133,88
363527,2001,137,10,147,141,0,0,0,0,147,141
363590,2001,207,,207,207,0,0,0,0,207,207
363606,2001,179,,179,179,0,0,0,0,179,179
363633,2001,334,1002,1336,732,0,0,0,0,1336,732
363679,2001,23,9,32,27,0,0,0,0,32,27
363712,2001,42,,42,42,0,0,0,0,42,42
363721,2001,,,0,0,133,0,133,133,133,133
363882,2001,7,20,27,15,0,0,0,0,27,15
363907,2001,432,113,545,476,76,121,197,122,742,598
363916,2001,320,129,449,371,124,44,168,141,617,512
363934,2001,717,,717,717,12,0,12,12,729,729
364016,2001,1667,5682,7349,3923,0,0,0,0,7349,3923
364025,2001,1671,5089,6760,3692,0,0,0,0,6760,3692
364122,2001,3,,3,3,0,0,0,0,3,3
364131,2001,,,0,0,6,0,6,6,6,6
364168,2001,223,12,235,228,0,0,0,0,235,228
364308,2001,251,,251,251,0,0,0,0,251,251
364317,2001,249,,249,249,0,0,0,0,249,249
364326,2001,144,47,191,163,0,0,0,0,191,163
364335,2001,221,177,398,291,0,0,0,0,398,291
364548,2001,227,37,264,242,0,0,0,0,264,242
364566,2001,89,36,125,103,0,0,0,0,125,103
364575,2001,35,,35,35,0,0,0,0,35,35
364593,2001,212,,212,212,0,0,0,0,212,212
364609,2001,22,20,42,30,0,0,0,0,42,30
364618,2001,28,,28,28,0,0,0,0,28,28
364627,2001,102,57,159,121,0,0,0,0,159,121
364636,2001,51,,51,51,0,0,0,0,51,51
364751,2001,243,,243,243,0,0,0,0,243,243
364760,2001,10,63,73,35,0,0,0,0,73,35
364812,2001,4,137,141,58,0,0,0,0,141,58
364821,2001,1,43,44,18,0,0,0,0,44,18
364876,2001,35,,35,35,0,0,0,0,35,35
364885,2001,270,,270,270,0,0,0,0,270,270
364946,2001,49,322,371,177,0,0,0,0,371,177
364955,2001,852,,852,852,0,0,0,0,852,852
364964,2001,63,,63,63,0,0,0,0,63,63
364973,2001,92,,92,92,0,0,0,0,92,92
365055,2001,486,370,856,633,0,0,0,0,856,633
365073,2001,64,6,70,66,0,0,0,0,70,66
365091,2001,282,,282,282,0,0,0,0,282,282
365125,2001,117,,117,117,0,0,0,0,117,117
365143,2001,115,,115,115,0,0,0,0,115,115
365198,2001,53,88,141,83,0,0,0,0,141,83
365204,2001,229,,229,229,0,0,0,0,229,229
365213,2001,137,110,247,181,0,0,0,0,247,181
365240,2001,52,725,777,295,0,0,0,0,777,295
365277,2001,18,7,25,20,0,0,0,0,25,20
365310,2001,298,,298,298,0,0,0,0,298,298
365329,2001,440,,440,440,0,0,0,0,440,440
365374,2001,171,95,266,203,0,0,0,0,266,203
365383,2001,67,,67,67,0,0,0,0,67,67
365392,2001,8,14,22,14,0,0,0,0,22,14
365426,2001,,,0,0,172,83,255,204,255,204
365453,2001,17,,17,17,0,0,0,0,17,17
365480,2001,152,490,642,347,0,0,0,0,642,347
365505,2001,31,,31,31,0,0,0,0,31,31
365569,2001,9,17,26,16,0,0,0,0,26,16
365639,2001,49,37,86,64,0,0,0,0,86,64
365693,2001,93,14,107,99,0,0,0,0,107,99
365824,2001,46,,46,46,0,0,0,0,46,46
365833,2001,39,,39,39,0,0,0,0,39,39
365912,2001,225,,225,225,0,0,0,0,225,225
365930,2001,40,9,49,44,0,0,0,0,49,44
366155,2001,30,,30,30,0,0,0,0,30,30
366182,2001,60,,60,60,0,0,0,0,60,60
366191,2001,1153,,1153,1153,0,0,0,0,1153,1153
366252,2001,4457,1081,5538,4893,0,0,0,0,5538,4893
366261,2001,123,,123,123,0,0,0,0,123,123
366270,2001,266,,266,266,0,0,0,0,266,266
366289,2001,299,,299,299,0,0,0,0,299,299
366340,2001,131,111,242,175,0,0,0,0,242,175
366368,2001,,,0,0,106,16,122,112,122,112
366395,2001,9199,9655,18854,13033,0,0,0,0,18854,13033
366401,2001,1917,5477,7394,4092,0,0,0,0,7394,4092
366438,2001,15,46,61,33,0,0,0,0,61,33
366447,2001,596,688,1284,869,0,0,0,0,1284,869
366456,2001,586,1026,1612,993,0,0,0,0,1612,993
366465,2001,1062,950,2012,1439,0,0,0,0,2012,1439
366535,2001,667,,667,667,0,0,0,0,667,667
366544,2001,618,683,1301,889,0,0,0,0,1301,889
366553,2001,767,172,939,835,0,0,0,0,939,835
366571,2001,19,,19,19,0,0,0,0,19,19
366580,2001,258,2,260,259,0,0,0,0,260,259
366605,2001,,,0,0,80,0,80,80,80,80
366614,2001,98,,98,98,0,0,0,0,98,98
366623,2001,16,30,46,26,0,0,0,0,46,26
366632,2001,27,,27,27,0,0,0,0,27,27
366650,2001,470,5,475,472,0,0,0,0,475,472
366678,2001,641,3,644,642,0,0,0,0,644,642
366696,2001,566,1,567,566,0,0,0,0,567,566
366702,2001,,,0,0,63,308,371,181,371,181
366711,2001,3429,1843,5272,4173,585,639,1224,816,6496,4989
366748,2001,,,0,0,196,33,229,209,229,209
366757,2001,,,0,0,42,254,296,139,296,139
366784,2001,1,3,4,2,30,59,89,55,93,57
366793,2001,,,0,0,202,20,222,213,222,213
366906,2001,243,228,471,334,0,0,0,0,471,334
366960,2001,297,,297,297,0,0,0,0,297,297
367024,2001,430,6,436,432,0,0,0,0,436,432
367051,2001,48,27,75,59,0,0,0,0,75,59
367088,2001,24,9,33,28,0,0,0,0,33,28
367097,2001,52,,52,52,0,0,0,0,52,52
367103,2001,181,,181,181,0,0,0,0,181,181
367112,2001,611,,611,611,0,0,0,0,611,611
367130,2001,123,20,143,131,0,0,0,0,143,131
367158,2001,6,,6,6,0,0,0,0,6,6
367176,2001,70,82,152,103,0,0,0,0,152,103
367194,2001,249,35,284,263,0,0,0,0,284,263
367264,2001,1216,,1216,1216,0,0,0,0,1216,1216
367316,2001,202,,202,202,0,0,0,0,202,202
367334,2001,53,15,68,59,0,0,0,0,68,59
367343,2001,102,,102,102,0,0,0,0,102,102
367361,2001,40,,40,40,0,0,0,0,40,40
367389,2001,327,,327,327,0,0,0,0,327,327
367398,2001,161,75,236,191,0,0,0,0,236,191
367413,2001,1447,,1447,1447,0,0,0,0,1447,1447
367431,2001,17,,17,17,0,0,0,0,17,17
367459,2001,1339,2953,4292,2512,0,0,0,0,4292,2512
367556,2001,6,20,26,14,0,0,0,0,26,14
367608,2001,108,,108,108,0,0,0,0,108,108
367662,2001,78,,78,78,0,0,0,0,78,78
367778,2001,98,,98,98,0,0,0,0,98,98
367787,2001,80,30,110,92,0,0,0,0,110,92
367839,2001,45,2,47,46,0,0,0,0,47,46
367875,2001,115,,115,115,0,0,0,0,115,115
367884,2001,320,186,506,393,11,50,61,30,567,423
367893,2001,2,14,16,7,6,19,25,14,41,21
367909,2001,468,266,734,572,2,22,24,10,758,582
367936,2001,,,0,0,462,154,616,521,616,521
367972,2001,73,,73,73,0,0,0,0,73,73
367981,2001,27,107,134,69,0,0,0,0,134,69
367990,2001,3,51,54,23,0,0,0,0,54,23
368160,2001,41,10,51,45,0,0,0,0,51,45
368179,2001,8,4,12,9,0,0,0,0,12,9
368188,2001,116,,116,116,0,0,0,0,116,116
368203,2001,62,,62,62,0,0,0,0,62,62
368230,2001,114,60,174,138,0,0,0,0,174,138
368276,2001,,,0,0,115,0,115,115,115,115
368364,2001,53,20,73,60,0,0,0,0,73,60
368407,2001,36,,36,36,0,0,0,0,36,36
368443,2001,122,159,281,185,0,0,0,0,281,185
368452,2001,159,,159,159,0,0,0,0,159,159
368540,2001,34,,34,34,0,0,0,0,34,34
368601,2001,375,6,381,377,0,0,0,0,381,377
368629,2001,350,,350,350,0,0,0,0,350,350
368647,2001,13,,13,13,0,0,0,0,13,13
368771,2001,199,,199,199,0,0,0,0,199,199
368780,2001,144,,144,144,0,0,0,0,144,144
368799,2001,398,96,494,430,0,0,0,0,494,430
368805,2001,469,18,487,476,0,0,0,0,487,476
368832,2001,23,47,70,42,0,0,0,0,70,42
368911,2001,581,697,1278,858,0,0,0,0,1278,858
368993,2001,30,24,54,40,0,0,0,0,54,40
369002,2001,,,0,0,126,354,480,319,480,319
369020,2001,19,,19,19,0,0,0,0,19,19
369084,2001,392,,392,392,0,0,0,0,392,392
369109,2001,72,,72,72,0,0,0,0,72,72
369172,2001,761,1311,2072,1282,0,0,0,0,2072,1282
369181,2001,291,565,856,515,0,0,0,0,856,515
369242,2001,122,,122,122,0,0,0,0,122,122
369400,2001,913,,913,913,0,0,0,0,913,913
369419,2001,816,19,835,824,0,0,0,0,835,824
369446,2001,76,38,114,91,0,0,0,0,114,91
369455,2001,101,,101,101,0,0,0,0,101,101
369516,2001,19,41,60,35,0,0,0,0,60,35
369622,2001,27,40,67,43,0,0,0,0,67,43
369659,2001,,,0,0,154,47,201,172,201,172
369668,2001,25,11,36,29,0,0,0,0,36,29
369686,2001,135,,135,135,0,0,0,0,135,135
369695,2001,104,,104,104,0,0,0,0,104,104
369783,2001,253,,253,253,0,0,0,0,253,253
369792,2001,20,,20,20,0,0,0,0,20,20
369853,2001,26,18,44,33,0,0,0,0,44,33
369862,2001,37,31,68,49,0,0,0,0,68,49
369905,2001,84,71,155,112,0,0,0,0,155,112
369950,2001,105,,105,105,0,0,0,0,105,105
371034,2001,13,,13,13,0,0,0,0,13,13
371052,2001,463,177,640,533,0,0,0,0,640,533
371140,2001,33,,33,33,0,0,0,0,33,33
371186,2001,110,,110,110,0,0,0,0,110,110
371265,2001,370,,370,370,0,0,0,0,370,370
371760,2001,549,,549,549,0,0,0,0,549,549
371779,2001,694,,694,694,0,0,0,0,694,694
371830,2001,50,,50,50,0,0,0,0,50,50
371928,2001,87,,87,87,0,0,0,0,87,87
371964,2001,71,,71,71,0,0,0,0,71,71
371982,2001,989,,989,989,0,0,0,0,989,989
372028,2001,110,,110,110,0,0,0,0,110,110
372037,2001,394,,394,394,0,0,0,0,394,394
372073,2001,290,,290,290,0,0,0,0,290,290
372082,2001,,1031,1031,346,0,0,0,0,1031,346
372143,2001,1030,283,1313,1125,0,0,0,0,1313,1125
372161,2001,127,127,254,177,0,0,0,0,254,177
372170,2001,63,,63,63,0,0,0,0,63,63
372213,2001,19942,,19942,19942,8988,0,8988,8988,28930,28930
372222,2001,2834,,2834,2834,1106,0,1106,1106,3940,3940
372240,2001,33,,33,33,0,0,0,0,33,33
372329,2001,204,60,264,228,0,0,0,0,264,228
372356,2001,61,,61,61,0,0,0,0,61,61
372462,2001,27,38,65,42,0,0,0,0,65,42
372480,2001,81,,81,81,0,0,0,0,81,81
372505,2001,81,,81,81,0,0,0,0,81,81
372578,2001,414,4,418,416,0,0,0,0,418,416
372718,2001,92,13,105,97,0,0,0,0,105,97
372772,2001,77,,77,77,0,0,0,0,77,77
372833,2001,10,12,22,15,0,0,0,0,22,15
372921,2001,475,,475,475,0,0,0,0,475,475
372958,2001,529,,529,529,0,0,0,0,529,529
372985,2001,55,,55,55,0,0,0,0,55,55
373058,2001,162,,162,162,0,0,0,0,162,162
373085,2001,123,,123,123,0,0,0,0,123,123
373119,2001,48,98,146,87,0,0,0,0,146,87
373216,2001,157,,157,157,0,0,0,0,157,157
373261,2001,12,,12,12,0,0,0,0,12,12
373340,2001,81,60,141,105,0,0,0,0,141,105
373447,2001,65,,65,65,0,0,0,0,65,65
373535,2001,67,20,87,75,0,0,0,0,87,75
373605,2001,30,21,51,38,0,0,0,0,51,38
373678,2001,52,21,73,60,0,0,0,0,73,60
373696,2001,181,,181,181,0,0,0,0,181,181
373711,2001,29,,29,29,0,0,0,0,29,29
373757,2001,13,,13,13,0,0,0,0,13,13
373784,2001,219,,219,219,0,0,0,0,219,219
373827,2001,102,1,103,102,0,0,0,0,103,102
373890,2001,271,27,298,282,0,0,0,0,298,282
373906,2001,35,22,57,44,0,0,0,0,57,44
373951,2001,48,,48,48,0,0,0,0,48,48
374024,2001,,,0,0,0,168,168,64,168,64
374033,2001,518,294,812,633,0,0,0,0,812,633
374060,2001,,1,1,0,0,0,0,0,1,0
374112,2001,4,,4,4,0,0,0,0,4,4
374291,2001,61,,61,61,0,0,0,0,61,61
374316,2001,46,37,83,61,0,0,0,0,83,61
374370,2001,518,294,812,633,0,0,0,0,812,633
374440,2001,29,,29,29,0,0,0,0,29,29
374495,2001,16,76,92,46,0,0,0,0,92,46
374574,2001,892,,892,892,0,0,0,0,892,892
374592,2001,346,,346,346,0,0,0,0,346,346
374680,2001,176,118,294,223,0,0,0,0,294,223
374699,2001,143,68,211,170,0,0,0,0,211,170
374875,2001,309,,309,309,0,0,0,0,309,309
374927,2001,51,36,87,65,0,0,0,0,87,65
374972,2001,204,52,256,225,0,0,0,0,256,225
374990,2001,23,43,66,40,0,0,0,0,66,40
375009,2001,11,,11,11,0,0,0,0,11,11
375106,2001,21,8,29,24,0,0,0,0,29,24
375230,2001,107,,107,107,0,0,0,0,107,107
375300,2001,115,,115,115,0,0,0,0,115,115
375319,2001,68,,68,68,0,0,0,0,68,68
375373,2001,89,,89,89,0,0,0,0,89,89
375407,2001,46,,46,46,0,0,0,0,46,46
375416,2001,1092,,1092,1092,0,0,0,0,1092,1092
375470,2001,,,0,0,3,0,3,3,3,3
375489,2001,246,,246,246,0,0,0,0,246,246
375540,2001,17,29,46,29,0,0,0,0,46,29
375559,2001,32,80,112,64,0,0,0,0,112,64
375568,2001,22,,22,22,0,0,0,0,22,22
375647,2001,61,17,78,68,0,0,0,0,78,68
375656,2001,6,16,22,11,0,0,0,0,22,11
375683,2001,138,103,241,173,0,0,0,0,241,173
375692,2001,31,41,72,45,0,0,0,0,72,45
375708,2001,84,7,91,87,0,0,0,0,91,87
375717,2001,100,1,101,100,0,0,0,0,101,100
375726,2001,65,38,103,78,0,0,0,0,103,78
375735,2001,42,133,175,95,0,0,0,0,175,95
375744,2001,87,51,138,107,0,0,0,0,138,107
375753,2001,19,3,22,20,0,0,0,0,22,20
375762,2001,39,2,41,40,0,0,0,0,41,40
375841,2001,635,,635,635,0,0,0,0,635,635
375878,2001,93,,93,93,0,0,0,0,93,93
375902,2001,9,,9,9,0,0,0,0,9,9
375939,2001,182,31,213,194,0,0,0,0,213,194
375948,2001,1672,62,1734,1697,0,0,0,0,1734,1697
375966,2001,42,21,63,49,0,0,0,0,63,49
375984,2001,127,121,248,175,0,0,0,0,248,175
376039,2001,103,3,106,104,0,0,0,0,106,104
376109,2001,88,61,149,112,0,0,0,0,149,112
376118,2001,44,4,48,46,0,0,0,0,48,46
376127,2001,127,59,186,150,0,0,0,0,186,150
376136,2001,268,27,295,279,0,0,0,0,295,279
376224,2001,338,,338,338,0,0,0,0,338,338
376242,2001,132,132,264,184,0,0,0,0,264,184
376288,2001,30,,30,30,0,0,0,0,30,30
376321,2001,294,,294,294,0,0,0,0,294,294
376330,2001,716,,716,716,0,0,0,0,716,716
376349,2001,598,,598,598,0,0,0,0,598,598
376385,2001,767,9,776,771,0,0,0,0,776,771
376446,2001,71,22,93,80,0,0,0,0,93,80
376631,2001,19,11,30,23,0,0,0,0,30,23
376668,2001,97,,97,97,0,0,0,0,97,97
376677,2001,86,,86,86,0,0,0,0,86,86
376695,2001,212,8,220,215,0,0,0,0,220,215
376950,2001,97,,97,97,0,0,0,0,97,97
376987,2001,60,,60,60,0,0,0,0,60,60
377069,2001,695,4,699,697,0,0,0,0,699,697
377111,2001,815,,815,815,0,0,0,0,815,815
377193,2001,18,17,35,25,0,0,0,0,35,25
377218,2001,140,,140,140,0,0,0,0,140,140
377227,2001,58,,58,58,0,0,0,0,58,58
377236,2001,62,,62,62,0,0,0,0,62,62
377272,2001,28,15,43,34,0,0,0,0,43,34
377281,2001,27,,27,27,0,0,0,0,27,27
377315,2001,54,,54,54,0,0,0,0,54,54
377342,2001,42,360,402,185,0,0,0,0,402,185
377403,2001,30,,30,30,0,0,0,0,30,30
377421,2001,61,51,112,81,0,0,0,0,112,81
377449,2001,314,,314,314,0,0,0,0,314,314
377458,2001,419,,419,419,0,0,0,0,419,419
377485,2001,14,44,58,29,0,0,0,0,58,29
377519,2001,470,5,475,472,0,0,0,0,475,472
377546,2001,88,3,91,89,0,0,0,0,91,89
377555,2001,757,737,1494,1054,104,81,185,133,1679,1187
377564,2001,1013,638,1651,1270,75,272,347,173,1998,1443
377616,2001,43,8,51,46,0,0,0,0,51,46
377634,2001,13,,13,13,0,0,0,0,13,13
377643,2001,120,,120,120,0,0,0,0,120,120
377652,2001,110,,110,110,0,0,0,0,110,110
377661,2001,43,,43,43,0,0,0,0,43,43
377670,2001,85,,85,85,0,0,0,0,85,85
377722,2001,261,,261,261,0,0,0,0,261,261
377759,2001,137,4,141,139,0,0,0,0,141,139
378105,2001,126,39,165,141,0,0,0,0,165,141
378406,2001,556,6,562,558,0,0,0,0,562,558
378576,2001,,,0,0,269,133,402,320,402,320
378938,2001,24,23,47,33,7,4,11,9,58,42
378956,2001,262,,262,262,0,0,0,0,262,262
379029,2001,329,,329,329,0,0,0,0,329,329
379074,2001,34,,34,34,0,0,0,0,34,34
379135,2001,78,40,118,94,0,0,0,0,118,94
379463,2001,129,,129,129,0,0,0,0,129,129
379621,2001,82,661,743,304,0,0,0,0,743,304
379685,2001,211,146,357,269,0,0,0,0,357,269
379746,2001,112,,112,112,0,0,0,0,112,112
379782,2001,162,,162,162,50,0,50,50,212,212
380067,2001,207,,207,207,0,0,0,0,207,207
380094,2001,259,,259,259,0,0,0,0,259,259
380137,2001,208,,208,208,0,0,0,0,208,208
380298,2001,135,,135,135,0,0,0,0,135,135
380359,2001,161,207,368,243,0,0,0,0,368,243
380368,2001,497,526,1023,706,0,0,0,0,1023,706
380377,2001,291,309,600,414,0,0,0,0,600,414
380401,2001,137,30,167,149,0,0,0,0,167,149
380410,2001,43,103,146,84,0,0,0,0,146,84
380438,2001,463,3,466,464,0,0,0,0,466,464
380447,2001,119,,119,119,0,0,0,0,119,119
380456,2001,247,,247,247,0,0,0,0,247,247
380465,2001,1712,,1712,1712,1092,0,1092,1092,2804,2804
380474,2001,308,281,589,420,0,0,0,0,589,420
380836,2001,133,,133,133,0,0,0,0,133,133
380845,2001,127,,127,127,0,0,0,0,127,127
380854,2001,127,,127,127,0,0,0,0,127,127
380863,2001,119,,119,119,0,0,0,0,119,119
380872,2001,159,,159,159,0,0,0,0,159,159
381237,2001,112,,112,112,0,0,0,0,112,112
381255,2001,91,,91,91,0,0,0,0,91,91
381282,2001,183,,183,183,0,0,0,0,183,183
381325,2001,136,,136,136,0,0,0,0,136,136
381334,2001,115,,115,115,0,0,0,0,115,115
381343,2001,82,,82,82,0,0,0,0,82,82
381370,2001,214,103,317,255,0,0,0,0,317,255
381404,2001,150,,150,150,0,0,0,0,150,150
381486,2001,19,,19,19,0,0,0,0,19,19
381501,2001,2,,2,2,0,0,0,0,2,2
381529,2001,369,162,531,423,0,0,0,0,531,423
381617,2001,668,661,1329,928,0,0,0,0,1329,928
381635,2001,60,20,80,68,0,0,0,0,80,68
381644,2001,284,,284,284,0,0,0,0,284,284
381699,2001,10,16,26,16,0,0,0,0,26,16
381705,2001,16,7,23,19,0,0,0,0,23,19
381732,2001,12,242,254,108,0,0,0,0,254,108
381741,2001,144,,144,144,0,0,0,0,144,144
381750,2001,51,,51,51,0,0,0,0,51,51
381787,2001,244,209,453,326,2,0,2,2,455,328
381796,2001,,,0,0,106,0,106,106,106,106
381848,2001,27,106,133,69,0,0,0,0,133,69
381909,2001,856,6,862,858,0,0,0,0,862,858
381945,2001,157,,157,157,0,0,0,0,157,157
381990,2001,360,,360,360,0,0,0,0,360,360
382018,2001,200,,200,200,0,0,0,0,200,200
382027,2001,280,,280,280,0,0,0,0,280,280
382054,2001,498,,498,498,0,0,0,0,498,498
382063,2001,285,,285,285,1616,0,1616,1616,1901,1901
382106,2001,10,,10,10,0,0,0,0,10,10
382221,2001,649,,649,649,0,0,0,0,649,649
382258,2001,167,488,655,331,0,0,0,0,655,331
382267,2001,170,6,176,172,0,0,0,0,176,172
382276,2001,104,,104,104,0,0,0,0,104,104
382382,2001,142,,142,142,0,0,0,0,142,142
382416,2001,77,,77,77,0,0,0,0,77,77
382443,2001,3,1,4,3,0,0,0,0,4,3
382461,2001,34,10,44,38,0,0,0,0,44,38
382504,2001,281,,281,281,0,0,0,0,281,281
382531,2001,251,,251,251,0,0,0,0,251,251
382674,2001,594,,594,594,0,0,0,0,594,594
382708,2001,289,40,329,305,0,0,0,0,329,305
382771,2001,45,2,47,46,0,0,0,0,47,46
382780,2001,23,14,37,29,0,0,0,0,37,29
382869,2001,3,,3,3,1,0,1,1,4,4
382902,2001,45,,45,45,0,0,0,0,45,45
382911,2001,113,7,120,116,0,0,0,0,120,116
382957,2001,41,55,96,63,0,0,0,0,96,63
382975,2001,106,106,212,148,0,0,0,0,212,148
383020,2001,,,0,0,60,31,91,72,91,72
383084,2001,735,1284,2019,1166,0,0,0,0,2019,1166
383163,2001,98,174,272,167,0,0,0,0,272,167
383172,2001,18,,18,18,0,0,0,0,18,18
383190,2001,1096,979,2075,1485,0,0,0,0,2075,1485
383251,2001,66,,66,66,0,0,0,0,66,66
383279,2001,15,76,91,45,0,0,0,0,91,45
383297,2001,29,106,135,71,0,0,0,0,135,71
383312,2001,110,,110,110,0,0,0,0,110,110
383321,2001,,6,6,2,0,0,0,0,6,2
383330,2001,39,,39,39,0,0,0,0,39,39
383367,2001,211,2,213,212,0,0,0,0,213,212
383376,2001,24,37,61,39,0,0,0,0,61,39
383400,2001,72,15,87,78,0,0,0,0,87,78
383419,2001,96,,96,96,0,0,0,0,96,96
383464,2001,49,49,98,68,0,0,0,0,98,68
383507,2001,30,,30,30,0,0,0,0,30,30
383525,2001,66,,66,66,0,0,0,0,66,66
383701,2001,64,123,187,113,0,0,0,0,187,113
383765,2001,136,57,193,159,0,0,0,0,193,159
383792,2001,317,,317,317,0,0,0,0,317,317
383880,2001,332,168,500,399,0,0,0,0,500,399
383899,2001,235,59,294,258,0,0,0,0,294,258
383950,2001,264,19,283,272,0,0,0,0,283,272
383996,2001,120,568,688,346,0,0,0,0,688,346
384184,2001,223,,223,223,0,0,0,0,223,223
384193,2001,358,,358,358,0,0,0,0,358,358
384209,2001,944,,944,944,0,0,0,0,944,944
384306,2001,,,0,0,52,9,61,55,61,55
384333,2001,724,4234,4958,2405,0,0,0,0,4958,2405
384342,2001,1615,2943,4558,2784,0,0,0,0,4558,2784
384360,2001,401,576,977,630,0,0,0,0,977,630
384379,2001,277,152,429,337,0,0,0,0,429,337
384388,2001,162,138,300,217,0,0,0,0,300,217
384397,2001,149,234,383,242,0,0,0,0,383,242
384412,2001,511,,511,511,0,0,0,0,511,511
384421,2001,55,,55,55,0,0,0,0,55,55
385008,2001,501,,501,501,0,0,0,0,501,501
385132,2001,18,32,50,31,0,0,0,0,50,31
385503,2001,253,1,254,253,0,0,0,0,254,253
385549,2001,133,,133,133,0,0,0,0,133,133
385558,2001,102,,102,102,0,0,0,0,102,102
385619,2001,158,1,159,158,0,0,0,0,159,158
385929,2001,88,,88,88,0,0,0,0,88,88
385983,2001,82,68,150,109,0,0,0,0,150,109
386153,2001,235,150,385,295,0,0,0,0,385,295
386472,2001,129,21,150,137,0,0,0,0,150,137
387235,2001,22,,22,22,0,0,0,0,22,22
387660,2001,41,,41,41,0,0,0,0,41,41
387730,2001,22,,22,22,0,0,0,0,22,22
387819,2001,33,,33,33,0,0,0,0,33,33
387925,2001,253,,253,253,0,0,0,0,253,253
388043,2001,92,27,119,103,0,0,0,0,119,103
388098,2001,40,,40,40,0,0,0,0,40,40
388511,2001,81,16,97,87,0,0,0,0,97,87
388520,2001,161,1069,1230,581,0,0,0,0,1230,581
388663,2001,74,,74,74,0,0,0,0,74,74
388681,2001,12,192,204,88,0,0,0,0,204,88
389620,2001,47,1,48,47,0,0,0,0,48,47
389727,2001,149,5,154,151,0,0,0,0,154,151
389860,2001,107,124,231,149,0,0,0,0,231,149
390002,2001,,,0,0,16,0,16,16,16,16
390394,2001,110,64,174,135,0,0,0,0,174,135
390701,2001,1272,31,1303,1284,31,8,39,34,1342,1318
390905,2001,28,,28,28,0,0,0,0,28,28
391333,2001,78,,78,78,0,0,0,0,78,78
391564,2001,94,68,162,121,0,0,0,0,162,121
391582,2001,191,1,192,191,0,0,0,0,192,191
391616,2001,29,5,34,31,0,0,0,0,34,31
391759,2001,6,37,43,21,0,0,0,0,43,21
391810,2001,109,,109,109,0,0,0,0,109,109
392257,2001,293,,293,293,0,0,0,0,293,293
392415,2001,41,,41,41,0,0,0,0,41,41
392798,2001,71,,71,71,0,0,0,0,71,71
392840,2001,157,190,347,232,5,20,25,13,372,245
393180,2001,738,,738,738,0,0,0,0,738,738
393524,2001,159,,159,159,0,0,0,0,159,159
393861,2001,261,40,301,277,0,0,0,0,301,277
393977,2001,11,,11,11,0,0,0,0,11,11
394554,2001,21,,21,21,0,0,0,0,21,21
394563,2001,63,,63,63,0,0,0,0,63,63
394679,2001,50,56,106,72,0,0,0,0,106,72
394846,2001,127,,127,127,0,0,0,0,127,127
395283,2001,200,,200,200,0,0,0,0,200,200
395362,2001,551,1505,2056,1149,0,0,0,0,2056,1149
395733,2001,63,,63,63,0,0,0,0,63,63
396000,2001,29,,29,29,0,0,0,0,29,29
396310,2001,24,14,38,30,0,0,0,0,38,30
397270,2001,31,1,32,31,0,0,0,0,32,31
397553,2001,,,0,0,51,19,70,58,70,58
397641,2001,300,,300,300,0,0,0,0,300,300
397942,2001,192,,192,192,0,0,0,0,192,192
398130,2001,983,101,1084,1023,0,0,0,0,1084,1023
398574,2001,647,,647,647,0,0,0,0,647,647
399212,2001,2107,9141,11248,5737,0,0,0,0,11248,5737
399869,2001,400,,400,400,0,0,0,0,400,400
400080,2001,308,,308,308,0,0,0,0,308,308
400354,2001,234,,234,234,0,0,0,0,234,234
400637,2001,238,7,245,241,0,0,0,0,245,241
401250,2001,,,0,0,120,14,134,125,134,125
401481,2001,2,134,136,55,0,0,0,0,136,55
402493,2001,,901,901,354,820,196,1016,895,1917,1249
402563,2001,115,,115,115,0,0,0,0,115,115
402615,2001,306,447,753,482,72,0,72,72,825,554
402633,2001,70,174,244,138,0,0,0,0,244,138
402776,2001,292,,292,292,0,0,0,0,292,292
402800,2001,141,43,184,158,0,0,0,0,184,158
402828,2001,,,0,0,250,175,425,342,425,342
403405,2001,18,,18,18,0,0,0,0,18,18
403414,2001,41,,41,41,0,0,0,0,41,41
403469,2001,192,1721,1913,875,0,0,0,0,1913,875
403478,2001,557,543,1100,773,0,0,0,0,1100,773
403487,2001,606,2037,2643,1415,0,0,0,0,2643,1415
404019,2001,,46,46,18,0,0,0,0,46,18
404055,2001,278,,278,278,0,0,0,0,278,278
404073,2001,1171,1028,2199,1575,0,0,0,0,2199,1575
404082,2001,1661,1430,3091,2223,0,0,0,0,3091,2223
404143,2001,90,72,162,118,17,28,45,28,207,146
404222,2001,,,0,0,163,9,172,168,172,168
404329,2001,7,64,71,32,0,0,0,0,71,32
404338,2001,112,11,123,116,50,40,90,65,213,181
404365,2001,236,,236,236,0,0,0,0,236,236
404374,2001,214,,214,214,0,0,0,0,214,214
404383,2001,562,,562,562,0,0,0,0,562,562
404426,2001,587,2394,2981,1538,0,0,0,0,2981,1538
404499,2001,348,,348,348,0,0,0,0,348,348
404505,2001,247,,247,247,0,0,0,0,247,247
404514,2001,322,,322,322,0,0,0,0,322,322
404523,2001,114,,114,114,0,0,0,0,114,114
404532,2001,36,,36,36,0,0,0,0,36,36
404648,2001,578,446,1024,753,0,0,0,0,1024,753
404657,2001,,,0,0,10,3,13,11,13,11
404666,2001,20,2,22,21,0,0,0,0,22,21
404675,2001,74,,74,74,0,0,0,0,74,74
404684,2001,367,,367,367,0,0,0,0,367,367
404718,2001,35,37,72,50,0,0,0,0,72,50
404806,2001,146,97,243,184,0,0,0,0,243,184
404912,2001,448,,448,448,0,0,0,0,448,448
404921,2001,359,,359,359,0,0,0,0,359,359
404949,2001,5,3035,3040,1197,2,4102,4104,1635,7144,2832
404994,2001,955,25,980,965,0,0,0,0,980,965
405003,2001,34,,34,34,0,0,0,0,34,34
405012,2001,134,,134,134,0,0,0,0,134,134
405021,2001,83,,83,83,0,0,0,0,83,83
405058,2001,128,,128,128,0,0,0,0,128,128
405076,2001,261,,261,261,0,0,0,0,261,261
405173,2001,61,3,64,62,0,0,0,0,64,62
405562,2001,886,,886,886,0,0,0,0,886,886
405748,2001,38,4,42,40,0,0,0,0,42,40
405854,2001,144,,144,144,0,0,0,0,144,144
405872,2001,1086,1548,2634,1701,0,0,0,0,2634,1701
405979,2001,2083,,2083,2083,910,0,910,910,2993,2993
405988,2001,1963,,1963,1963,1077,0,1077,1077,3040,3040
405997,2001,2632,,2632,2632,913,0,913,913,3545,3545
406006,2001,5231,,5231,5231,1127,0,1127,1127,6358,6358
406015,2001,9182,,9182,9182,1870,0,1870,1870,11052,11052
406024,2001,40,,40,40,0,0,0,0,40,40
406033,2001,35,,35,35,0,0,0,0,35,35
406051,2001,48,,48,48,0,0,0,0,48,48
406060,2001,31,,31,31,0,0,0,0,31,31
406149,2001,60,43,103,77,0,0,0,0,103,77
406194,2001,51,13,64,56,0,0,0,0,64,56
406200,2001,988,,988,988,0,0,0,0,988,988
406219,2001,78,8,86,81,0,0,0,0,86,81
406264,2001,377,18,395,384,0,0,0,0,395,384
406273,2001,66,2,68,67,0,0,0,0,68,67
406307,2001,332,,332,332,0,0,0,0,332,332
406325,2001,11,,11,11,0,0,0,0,11,11
406361,2001,42,,42,42,0,0,0,0,42,42
406413,2001,59,,59,59,0,0,0,0,59,59
406422,2001,39,8,47,42,0,0,0,0,47,42
406486,2001,21,13,34,26,0,0,0,0,34,26
406495,2001,102,31,133,114,0,0,0,0,133,114
406547,2001,289,14,303,294,0,0,0,0,303,294
406556,2001,20,,20,20,0,0,0,0,20,20
407009,2001,2275,1951,4226,3062,306,1272,1578,766,5804,3828
407054,2001,50,111,161,94,0,0,0,0,161,94
407063,2001,453,2,455,454,0,0,0,0,455,454
407090,2001,37,113,150,82,0,0,0,0,150,82
407106,2001,32,18,50,39,0,0,0,0,50,39
407142,2001,82,,82,82,0,0,0,0,82,82
407151,2001,71,,71,71,0,0,0,0,71,71
407179,2001,120,40,160,136,0,0,0,0,160,136
407258,2001,157,555,712,375,0,0,0,0,712,375
407285,2001,188,184,372,260,0,0,0,0,372,260
407319,2001,341,,341,341,0,0,0,0,341,341
407328,2001,60,23,83,69,0,0,0,0,83,69
407355,2001,82,,82,82,0,0,0,0,82,82
407382,2001,10,,10,10,0,0,0,0,10,10
407391,2001,82,41,123,98,0,0,0,0,123,98
407407,2001,76,42,118,93,0,0,0,0,118,93
407425,2001,78,47,125,97,0,0,0,0,125,97
407434,2001,50,26,76,60,0,0,0,0,76,60
407443,2001,,123,123,41,0,0,0,0,123,41
407452,2001,,125,125,42,0,0,0,0,125,42
407461,2001,132,,132,132,0,0,0,0,132,132
407470,2001,62,,62,62,0,0,0,0,62,62
407489,2001,49,,49,49,0,0,0,0,49,49
407504,2001,44,,44,44,0,0,0,0,44,44
407513,2001,79,24,103,87,0,0,0,0,103,87
407522,2001,18,6,24,20,0,0,0,0,24,20
407568,2001,15,13,28,20,0,0,0,0,28,20
407577,2001,204,,204,204,0,0,0,0,204,204
407586,2001,,373,373,125,0,0,0,0,373,125
407595,2001,102,,102,102,0,0,0,0,102,102
407601,2001,16,6,22,18,0,0,0,0,22,18
407629,2001,,,0,0,689,0,689,689,689,689
407638,2001,403,582,985,634,0,0,0,0,985,634
407647,2001,53,13,66,58,0,0,0,0,66,58
407665,2001,73,19,92,80,0,0,0,0,92,80
407683,2001,32,56,88,54,0,0,0,0,88,54
407692,2001,133,,133,133,0,0,0,0,133,133
407708,2001,165,,165,165,0,0,0,0,165,165
407726,2001,46,,46,46,0,0,0,0,46,46
407735,2001,72,,72,72,0,0,0,0,72,72
407744,2001,43,,43,43,0,0,0,0,43,43
407832,2001,9,31,40,19,0,0,0,0,40,19
407869,2001,29,,29,29,0,0,0,0,29,29
407975,2001,473,263,736,577,0,0,0,0,736,577
407984,2001,59,148,207,118,0,0,0,0,207,118
408002,2001,65,18,83,72,0,0,0,0,83,72
408039,2001,343,,343,343,0,0,0,0,343,343
408057,2001,53,10,63,57,0,0,0,0,63,57
408066,2001,44,26,70,54,0,0,0,0,70,54
408118,2001,,,0,0,239,116,355,283,355,283
408190,2001,379,,379,379,0,0,0,0,379,379
408206,2001,46,,46,46,0,0,0,0,46,46
408224,2001,244,,244,244,0,0,0,0,244,244
408233,2001,50,,50,50,0,0,0,0,50,50
408312,2001,64,,64,64,0,0,0,0,64,64
408376,2001,31,,31,31,0,0,0,0,31,31
408385,2001,266,,266,266,0,0,0,0,266,266
408437,2001,20,,20,20,0,0,0,0,20,20
408747,2001,94,,94,94,0,0,0,0,94,94
408844,2001,1273,,1273,1273,0,0,0,0,1273,1273
408862,2001,59,50,109,79,0,0,0,0,109,79
408914,2001,344,1015,1359,747,0,0,0,0,1359,747
408932,2001,455,395,850,612,0,0,0,0,850,612
409023,2001,177,,177,177,0,0,0,0,177,177
409032,2001,345,,345,345,0,0,0,0,345,345
409050,2001,3,,3,3,0,0,0,0,3,3
409069,2001,583,4,587,585,0,0,0,0,587,585
409120,2001,150,,150,150,0,0,0,0,150,150
409139,2001,30,,30,30,0,0,0,0,30,30
409166,2001,72,,72,72,0,0,0,0,72,72
409175,2001,34,,34,34,0,0,0,0,34,34
409193,2001,608,,608,608,0,0,0,0,608,608
409209,2001,120,,120,120,0,0,0,0,120,120
409236,2001,456,138,594,510,27,39,66,42,660,552
409245,2001,31,,31,31,0,0,0,0,31,31
409254,2001,,,0,0,40,107,147,81,147,81
409281,2001,209,46,255,227,0,0,0,0,255,227
409306,2001,123,4,127,125,0,0,0,0,127,125
409315,2001,5438,7031,12469,8230,0,0,0,0,12469,8230
409324,2001,71,,71,71,0,0,0,0,71,71
409333,2001,109,1,110,109,0,0,0,0,110,109
409537,2001,,70,70,24,0,0,0,0,70,24
409546,2001,155,62,217,180,0,0,0,0,217,180
409591,2001,53,1310,1363,493,0,0,0,0,1363,493
409616,2001,,,0,0,338,132,470,410,470,410
409670,2001,686,,686,686,0,0,0,0,686,686
409689,2001,245,139,384,300,68,116,184,116,568,416
409698,2001,2485,322,2807,2615,81,132,213,129,3020,2744
409829,2001,220,,220,220,0,0,0,0,220,220
409838,2001,360,,360,360,0,0,0,0,360,360
409874,2001,552,16,568,558,0,0,0,0,568,558
410070,2001,15,,15,15,0,0,0,0,15,15
410283,2001,219,,219,219,0,0,0,0,219,219
410496,2001,295,61,356,319,0,0,0,0,356,319
410502,2001,276,,276,276,0,0,0,0,276,276
410520,2001,225,156,381,287,0,0,0,0,381,287
410539,2001,459,,459,459,0,0,0,0,459,459
410788,2001,110,76,186,140,0,0,0,0,186,140
410797,2001,225,225,450,314,0,0,0,0,450,314
411055,2001,181,,181,181,0,0,0,0,181,181
411374,2001,146,,146,146,0,0,0,0,146,146
411684,2001,96,63,159,121,0,0,0,0,159,121
411754,2001,32,23,55,41,0,0,0,0,55,41
411790,2001,162,52,214,183,0,0,0,0,214,183
411806,2001,134,6,140,136,0,0,0,0,140,136
411860,2001,10,,10,10,0,0,0,0,10,10
412173,2001,137,,137,137,0,0,0,0,137,137
412535,2001,35,,35,35,0,0,0,0,35,35
412544,2001,96,47,143,115,0,0,0,0,143,115
412599,2001,538,,538,538,0,0,0,0,538,538
412650,2001,18,13,31,23,0,0,0,0,31,23
412827,2001,69,93,162,106,0,0,0,0,162,106
412854,2001,20,,20,20,0,0,0,0,20,20
413176,2001,26,2,28,27,0,0,0,0,28,27
413185,2001,47,,47,47,0,0,0,0,47,47
413343,2001,28,,28,28,0,0,0,0,28,28
413413,2001,116,306,422,236,1669,1668,3337,2306,3759,2542
413501,2001,9,,9,9,0,0,0,0,9,9
413565,2001,108,,108,108,0,0,0,0,108,108
413617,2001,114,293,407,230,0,0,0,0,407,230
413626,2001,155,19,174,163,0,0,0,0,174,163
413635,2001,478,,478,478,0,0,0,0,478,478
413644,2001,,,0,0,42,0,42,42,42,42
413680,2001,648,,648,648,0,0,0,0,648,648
413723,2001,303,27,330,314,0,0,0,0,330,314
413778,2001,303,,303,303,0,0,0,0,303,303
413802,2001,413,238,651,507,0,0,0,0,651,507
413820,2001,35,,35,35,0,0,0,0,35,35
413839,2001,301,,301,301,0,0,0,0,301,301
413848,2001,548,1,549,548,0,0,0,0,549,548
413857,2001,354,4,358,356,0,0,0,0,358,356
413866,2001,243,2,245,244,0,0,0,0,245,244
413875,2001,280,6,286,282,0,0,0,0,286,282
413884,2001,281,2,283,282,0,0,0,0,283,282
413909,2001,5,27,32,16,0,0,0,0,32,16
413918,2001,28,,28,28,0,0,0,0,28,28
413945,2001,77,,77,77,0,0,0,0,77,77
413972,2001,106,,106,106,0,0,0,0,106,106
414027,2001,121,,121,121,0,0,0,0,121,121
414036,2001,250,,250,250,0,0,0,0,250,250
414054,2001,9,,9,9,0,0,0,0,9,9
414063,2001,42,7,49,45,0,0,0,0,49,45
414124,2001,101,8,109,104,0,0,0,0,109,104
414160,2001,591,645,1236,844,0,0,0,0,1236,844
414443,2001,189,94,283,226,0,0,0,0,283,226
414452,2001,36,,36,36,0,0,0,0,36,36
414461,2001,1556,128,1684,1607,0,0,0,0,1684,1607
414489,2001,113,,113,113,0,0,0,0,113,113
414531,2001,240,2,242,241,0,0,0,0,242,241
414540,2001,133,,133,133,0,0,0,0,133,133
414559,2001,37,,37,37,0,0,0,0,37,37
414568,2001,443,,443,443,0,0,0,0,443,443
414586,2001,330,1,331,330,0,0,0,0,331,330
414595,2001,,,0,0,304,140,444,357,444,357
414708,2001,369,476,845,556,432,508,940,626,1785,1182
414823,2001,1673,78,1751,1704,0,0,0,0,1751,1704
414832,2001,208,,208,208,0,0,0,0,208,208
414841,2001,364,,364,364,0,0,0,0,364,364
414850,2001,263,90,353,299,0,0,0,0,353,299
414878,2001,9,91,100,45,0,0,0,0,100,45
414911,2001,566,760,1326,868,0,0,0,0,1326,868
414939,2001,205,,205,205,0,0,0,0,205,205
414966,2001,,,0,0,99,66,165,131,165,131
415011,2001,19,,19,19,0,0,0,0,19,19
415039,2001,27,25,52,37,0,0,0,0,52,37
415048,2001,129,,129,129,0,0,0,0,129,129
415057,2001,134,,134,134,0,0,0,0,134,134
415376,2001,385,,385,385,0,0,0,0,385,385
415525,2001,63,,63,63,0,0,0,0,63,63
415729,2001,20,1,21,20,0,0,0,0,21,20
415774,2001,289,6,295,291,0,0,0,0,295,291
415987,2001,303,,303,303,0,0,0,0,303,303
416430,2001,285,,285,285,0,0,0,0,285,285
416458,2001,101,,101,101,0,0,0,0,101,101
416670,2001,65,28,93,76,0,0,0,0,93,76
416801,2001,48,,48,48,0,0,0,0,48,48
416962,2001,1393,,1393,1393,855,0,855,855,2248,2248
417062,2001,66,,66,66,0,0,0,0,66,66
417105,2001,,2550,2550,856,0,0,0,0,2550,856
417114,2001,654,,654,654,0,0,0,0,654,654
417123,2001,395,8,403,398,0,0,0,0,403,398
417132,2001,35,8,43,38,0,0,0,0,43,38
417318,2001,118,,118,118,0,0,0,0,118,118
417327,2001,251,16,267,257,0,0,0,0,267,257
417345,2001,,,0,0,12,0,12,12,12,12
417381,2001,74,60,134,98,0,0,0,0,134,98
417406,2001,41,14,55,47,0,0,0,0,55,47
417415,2001,134,,134,134,0,0,0,0,134,134
417433,2001,15,8,23,18,0,0,0,0,23,18
417442,2001,26,,26,26,0,0,0,0,26,26
417497,2001,72,8,80,75,0,0,0,0,80,75
417503,2001,81,,81,81,0,0,0,0,81,81
417549,2001,277,,277,277,0,0,0,0,277,277
417558,2001,45,55,100,67,0,0,0,0,100,67
417567,2001,65,,65,65,0,0,0,0,65,65
417576,2001,84,,84,84,0,0,0,0,84,84
417619,2001,265,38,303,280,0,0,0,0,303,280
417628,2001,72,9,81,75,0,0,0,0,81,75
417637,2001,99,37,136,111,0,0,0,0,136,111
417646,2001,41,,41,41,0,0,0,0,41,41
417655,2001,47,,47,47,0,0,0,0,47,47
417664,2001,,23,23,8,0,0,0,0,23,8
417673,2001,55,2,57,56,0,0,0,0,57,56
417682,2001,24,3,27,25,0,0,0,0,27,25
417691,2001,2,4,6,3,0,0,0,0,6,3
417716,2001,77,,77,77,0,0,0,0,77,77
417725,2001,32,,32,32,0,0,0,0,32,32
417734,2001,74,22,96,83,0,0,0,0,96,83
417743,2001,2,,2,2,0,0,0,0,2,2
417752,2001,84,16,100,90,0,0,0,0,100,90
417789,2001,51,28,79,62,0,0,0,0,79,62
417798,2001,20,7,27,23,0,0,0,0,27,23
417822,2001,191,263,454,295,0,0,0,0,454,295
417831,2001,53,54,107,71,0,0,0,0,107,71
417840,2001,70,,70,70,0,0,0,0,70,70
417868,2001,20,20,40,27,0,0,0,0,40,27
417886,2001,54,12,66,58,0,0,0,0,66,58
417901,2001,,,0,0,6,0,6,6,6,6
417910,2001,202,,202,202,0,0,0,0,202,202
417947,2001,47,,47,47,0,0,0,0,47,47
417974,2001,55,,55,55,0,0,0,0,55,55
417983,2001,,80,80,27,0,0,0,0,80,27
417992,2001,20,19,39,26,0,0,0,0,39,26
418001,2001,48,11,59,52,0,0,0,0,59,52
418010,2001,,39,39,13,0,0,0,0,39,13
418029,2001,65,49,114,81,0,0,0,0,114,81
418038,2001,51,2,53,52,0,0,0,0,53,52
418056,2001,59,37,96,71,0,0,0,0,96,71
418065,2001,31,163,194,86,0,0,0,0,194,86
418074,2001,,57,57,19,0,0,0,0,57,19
418083,2001,39,21,60,46,0,0,0,0,60,46
418126,2001,244,340,584,378,97,48,145,115,729,493
418162,2001,785,721,1506,1071,0,0,0,0,1506,1071
418171,2001,23,,23,23,0,0,0,0,23,23
418199,2001,57,,57,57,0,0,0,0,57,57
418205,2001,50,57,107,69,0,0,0,0,107,69
418223,2001,33,4,37,34,0,0,0,0,37,34
418250,2001,70,108,178,106,0,0,0,0,178,106
418269,2001,212,,212,212,0,0,0,0,212,212
418278,2001,43,400,443,177,0,0,0,0,443,177
418287,2001,127,8,135,130,0,0,0,0,135,130
418296,2001,76,44,120,91,0,0,0,0,120,91
418302,2001,66,123,189,107,0,0,0,0,189,107
418320,2001,53,43,96,67,0,0,0,0,96,67
418339,2001,46,41,87,60,0,0,0,0,87,60
418348,2001,63,35,98,77,0,0,0,0,98,77
418357,2001,41,15,56,46,0,0,0,0,56,46
418384,2001,22,1,23,22,0,0,0,0,23,22
418393,2001,246,,246,246,0,0,0,0,246,246
418409,2001,62,,62,62,0,0,0,0,62,62
418418,2001,36,,36,36,0,0,0,0,36,36
418427,2001,77,3,80,78,0,0,0,0,80,78
418445,2001,24,,24,24,0,0,0,0,24,24
418454,2001,426,,426,426,0,0,0,0,426,426
418463,2001,,,0,0,4,0,4,4,4,4
418481,2001,28,,28,28,0,0,0,0,28,28
418506,2001,44,,44,44,0,0,0,0,44,44
418515,2001,42,38,80,55,0,0,0,0,80,55
418524,2001,31,,31,31,0,0,0,0,31,31
418533,2001,176,18,194,182,0,0,0,0,194,182
418542,2001,71,,71,71,0,0,0,0,71,71
418588,2001,26,,26,26,0,0,0,0,26,26
418603,2001,13,13,26,17,0,0,0,0,26,17
418612,2001,22,,22,22,0,0,0,0,22,22
418658,2001,62,60,122,86,0,0,0,0,122,86
418700,2001,337,337,674,471,0,0,0,0,674,471
418719,2001,43,,43,43,0,0,0,0,43,43
418737,2001,99,,99,99,0,0,0,0,99,99
418746,2001,85,,85,85,0,0,0,0,85,85
418755,2001,74,,74,74,0,0,0,0,74,74
418764,2001,39,,39,39,0,0,0,0,39,39
418773,2001,176,,176,176,0,0,0,0,176,176
418782,2001,311,2,313,312,0,0,0,0,313,312
418791,2001,82,,82,82,0,0,0,0,82,82
418870,2001,132,,132,132,0,0,0,0,132,132
418889,2001,64,42,106,81,0,0,0,0,106,81
418898,2001,82,,82,82,0,0,0,0,82,82
418904,2001,33,,33,33,0,0,0,0,33,33
418913,2001,27,9,36,31,0,0,0,0,36,31
418940,2001,19,,19,19,0,0,0,0,19,19
418968,2001,112,61,173,136,0,0,0,0,173,136
418977,2001,24,,24,24,0,0,0,0,24,24
419004,2001,29,20,49,36,0,0,0,0,49,36
419022,2001,449,,449,449,0,0,0,0,449,449
419031,2001,160,,160,160,0,0,0,0,160,160
419095,2001,43,,43,43,0,0,0,0,43,43
419101,2001,79,40,119,95,0,0,0,0,119,95
419138,2001,129,10,139,132,0,0,0,0,139,132
419147,2001,15,14,29,21,0,0,0,0,29,21
419156,2001,113,,113,113,0,0,0,0,113,113
419183,2001,132,,132,132,0,0,0,0,132,132
419217,2001,40,,40,40,0,0,0,0,40,40
419226,2001,41,,41,41,0,0,0,0,41,41
419235,2001,93,,93,93,0,0,0,0,93,93
419244,2001,47,57,104,70,0,0,0,0,104,70
419253,2001,164,,164,164,0,0,0,0,164,164
419262,2001,39,,39,39,0,0,0,0,39,39
419271,2001,9,29,38,21,0,0,0,0,38,21
419280,2001,23,9,32,27,0,0,0,0,32,27
419305,2001,266,,266,266,0,0,0,0,266,266
419314,2001,22,,22,22,0,0,0,0,22,22
419332,2001,8,4,12,9,0,0,0,0,12,9
419341,2001,129,12,141,134,0,0,0,0,141,134
419350,2001,93,,93,93,0,0,0,0,93,93
419369,2001,148,,148,148,0,0,0,0,148,148
419378,2001,255,,255,255,0,0,0,0,255,255
419411,2001,67,92,159,104,0,0,0,0,159,104
419439,2001,53,,53,53,0,0,0,0,53,53
419457,2001,,,0,0,302,119,421,347,421,347
419466,2001,40,,40,40,0,0,0,0,40,40
419484,2001,23,,23,23,0,0,0,0,23,23
419509,2001,2620,,2620,2620,705,0,705,705,3325,3325
419536,2001,,,0,0,413,588,1001,638,1001,638
419572,2001,67,830,897,393,0,0,0,0,897,393
419633,2001,38,,38,38,0,0,0,0,38,38
419660,2001,631,,631,631,0,0,0,0,631,631
419688,2001,62,,62,62,0,0,0,0,62,62
419703,2001,609,,609,609,0,0,0,0,609,609
419712,2001,267,,267,267,0,0,0,0,267,267
419721,2001,365,,365,365,0,0,0,0,365,365
420006,2001,669,,669,669,21,0,21,21,690,690
420024,2001,234,,234,234,0,0,0,0,234,234
420042,2001,560,,560,560,402,0,402,402,962,962
420103,2001,244,,244,244,0,0,0,0,244,244
420130,2001,35,,35,35,0,0,0,0,35,35
420194,2001,266,,266,266,0,0,0,0,266,266
420200,2001,52,48,100,71,0,0,0,0,100,71
420246,2001,,,0,0,263,12,275,270,275,270
420255,2001,199,,199,199,0,0,0,0,199,199
420282,2001,2021,832,2853,2348,0,0,0,0,2853,2348
420307,2001,1885,160,2045,1948,0,0,0,0,2045,1948
420316,2001,335,190,525,410,0,0,0,0,525,410
420325,2001,97,,97,97,4,0,4,4,101,101
420343,2001,490,,490,490,0,0,0,0,490,490
420352,2001,28,42,70,44,0,0,0,0,70,44
420398,2001,1849,3294,5143,3157,0,0,0,0,5143,3157
420404,2001,594,1,595,594,0,0,0,0,595,594
420431,2001,234,447,681,411,0,0,0,0,681,411
420440,2001,247,584,831,479,0,0,0,0,831,479
420459,2001,53,12,65,57,0,0,0,0,65,57
420468,2001,60,97,157,99,0,0,0,0,157,99
420495,2001,207,,207,207,0,0,0,0,207,207
420501,2001,226,,226,226,0,0,0,0,226,226
420510,2001,11,1,12,11,0,0,0,0,12,11
420529,2001,,,0,0,43,33,76,61,76,61
420538,2001,619,619,1238,865,0,0,0,0,1238,865
420556,2001,280,513,793,484,0,0,0,0,793,484
420574,2001,642,1220,1862,1134,196,345,541,321,2403,1455
420583,2001,62,,62,62,0,0,0,0,62,62
420608,2001,121,58,179,144,0,0,0,0,179,144
420723,2001,49,259,308,152,0,0,0,0,308,152
420796,2001,75,34,109,88,0,0,0,0,109,88
420857,2001,225,,225,225,0,0,0,0,225,225
420866,2001,,,0,0,128,73,201,156,201,156
420945,2001,58,,58,58,0,0,0,0,58,58
420963,2001,,,0,0,203,402,605,357,605,357
420981,2001,38,85,123,72,0,0,0,0,123,72
421009,2001,1347,,1347,1347,556,0,556,556,1903,1903
421018,2001,2341,,2341,2341,791,0,791,791,3132,3132
421513,2001,156,,156,156,0,0,0,0,156,156
421540,2001,48,6,54,50,0,0,0,0,54,50
421559,2001,45,8,53,48,0,0,0,0,53,48
421586,2001,108,,108,108,0,0,0,0,108,108
421601,2001,22,,22,22,0,0,0,0,22,22
421610,2001,24,17,41,31,0,0,0,0,41,31
421647,2001,63,,63,63,0,0,0,0,63,63
421665,2001,9,6,15,11,0,0,0,0,15,11
421708,2001,188,,188,188,0,0,0,0,188,188
421717,2001,25,,25,25,0,0,0,0,25,25
421771,2001,53,30,83,65,0,0,0,0,83,65
421805,2001,82,,82,82,0,0,0,0,82,82
421832,2001,261,,261,261,0,0,0,0,261,261
421841,2001,149,,149,149,0,0,0,0,149,149
421878,2001,57,37,94,72,0,0,0,0,94,72
421896,2001,135,,135,135,0,0,0,0,135,135
421902,2001,129,,129,129,0,0,0,0,129,129
421920,2001,82,,82,82,0,0,0,0,82,82
421939,2001,26,,26,26,0,0,0,0,26,26
421975,2001,,,0,0,4,0,4,4,4,4
422020,2001,58,,58,58,0,0,0,0,58,58
422039,2001,6,3,9,7,0,0,0,0,9,7
422118,2001,183,3,186,184,0,0,0,0,186,184
422181,2001,176,,176,176,0,0,0,0,176,176
422297,2001,103,,103,103,0,0,0,0,103,103
422695,2001,205,,205,205,0,0,0,0,205,205
423120,2001,57,,57,57,0,0,0,0,57,57
423397,2001,149,,149,149,0,0,0,0,149,149
423412,2001,59,,59,59,0,0,0,0,59,59
423458,2001,9,,9,9,0,0,0,0,9,9
423476,2001,92,77,169,123,0,0,0,0,169,123
423582,2001,61,28,89,72,0,0,0,0,89,72
423634,2001,139,,139,139,0,0,0,0,139,139
423643,2001,113,5,118,115,922,23,945,932,1063,1047
423652,2001,76,340,416,211,0,0,0,0,416,211
423661,2001,40,,40,40,0,0,0,0,40,40
423670,2001,169,76,245,199,0,0,0,0,245,199
423980,2001,982,,982,982,0,0,0,0,982,982
424424,2001,247,,247,247,0,0,0,0,247,247
424664,2001,,,0,0,68,179,247,166,247,166
425250,2001,33,22,55,42,0,0,0,0,55,42
425296,2001,42,37,79,57,14,5,19,16,98,73
425393,2001,42,,42,42,0,0,0,0,42,42
425861,2001,44,28,72,55,0,0,0,0,72,55
425889,2001,10,18,28,17,0,0,0,0,28,17
425986,2001,149,5,154,151,0,0,0,0,154,151
426271,2001,344,,344,344,0,0,0,0,344,344
426314,2001,159,5885,6044,2471,71,2262,2333,935,8377,3406
427025,2001,102,,102,102,0,0,0,0,102,102
427308,2001,179,,179,179,0,0,0,0,179,179
427335,2001,137,48,185,156,0,0,0,0,185,156
427663,2001,546,,546,546,0,0,0,0,546,546
427894,2001,97,,97,97,0,0,0,0,97,97
427919,2001,116,,116,116,0,0,0,0,116,116
427937,2001,25,11,36,29,0,0,0,0,36,29
427973,2001,180,,180,180,0,0,0,0,180,180
427982,2001,203,,203,203,0,0,0,0,203,203
427991,2001,194,207,401,263,0,0,0,0,401,263
428000,2001,204,,204,204,0,0,0,0,204,204
428019,2001,225,,225,225,0,0,0,0,225,225
428037,2001,,19,19,8,0,0,0,0,19,8
428055,2001,87,,87,87,0,0,0,0,87,87
428073,2001,20,54,74,41,0,0,0,0,74,41
428091,2001,78,,78,78,0,0,0,0,78,78
428107,2001,,,0,0,71,41,112,87,112,87
428125,2001,67,1,68,67,0,0,0,0,68,67
428134,2001,,131,131,52,0,0,0,0,131,52
428143,2001,121,,121,121,0,0,0,0,121,121
428161,2001,53,,53,53,0,0,0,0,53,53
428170,2001,294,232,526,386,0,0,0,0,526,386
428259,2001,148,105,253,189,0,0,0,0,253,189
428268,2001,2,14,16,7,74,30,104,85,120,92
428286,2001,824,218,1042,910,0,0,0,0,1042,910
428295,2001,27,16,43,33,0,0,0,0,43,33
428329,2001,113,2,115,114,0,0,0,0,115,114
428338,2001,,,0,0,46,62,108,80,108,80
428347,2001,88,,88,88,0,0,0,0,88,88
428392,2001,298,416,714,463,0,0,0,0,714,463
428444,2001,1010,112,1122,1054,0,0,0,0,1122,1054
429003,2001,218,,218,218,0,0,0,0,218,218
429012,2001,482,,482,482,0,0,0,0,482,482
429021,2001,56,,56,56,0,0,0,0,56,56
429076,2001,,,0,0,43,109,152,91,152,91
429085,2001,,,0,0,122,23,145,135,145,135
429094,2001,,,0,0,152,15,167,158,167,158
429100,2001,88,,88,88,0,0,0,0,88,88
429128,2001,3,634,637,255,0,0,0,0,637,255
429146,2001,83,,83,83,0,0,0,0,83,83
429155,2001,22,,22,22,0,0,0,0,22,22
429216,2001,479,1,480,479,0,0,0,0,480,479
429289,2001,49,,49,49,0,0,0,0,49,49
429599,2001,425,1,426,425,0,0,0,0,426,425
430050,2001,458,,458,458,0,0,0,0,458,458
430087,2001,43,171,214,110,70,8,78,73,292,183
430096,2001,245,208,453,328,0,0,0,0,453,328
430102,2001,1,90,91,36,0,0,0,0,91,36
430148,2001,434,,434,434,0,0,0,0,434,434
430157,2001,177,,177,177,0,0,0,0,177,177
430166,2001,124,,124,124,0,0,0,0,124,124
430175,2001,130,,130,130,0,0,0,0,130,130
430218,2001,50,46,96,68,0,0,0,0,96,68
430227,2001,21,16,37,27,0,0,0,0,37,27
430245,2001,152,,152,152,0,0,0,0,152,152
430254,2001,48,156,204,110,0,0,0,0,204,110
430263,2001,460,1,461,460,0,0,0,0,461,460
430333,2001,,,0,0,52,250,302,148,302,148
430342,2001,262,,262,262,0,0,0,0,262,262
430351,2001,275,,275,275,0,0,0,0,275,275
430360,2001,516,,516,516,0,0,0,0,516,516
430379,2001,545,5,550,547,0,0,0,0,550,547
430388,2001,516,,516,516,0,0,0,0,516,516
430403,2001,51,,51,51,0,0,0,0,51,51
430421,2001,201,102,303,241,0,0,0,0,303,241
430476,2001,32,9,41,36,0,0,0,0,41,36
430485,2001,169,,169,169,0,0,0,0,169,169
430500,2001,8,,8,8,0,0,0,0,8,8
430564,2001,12,25,37,22,0,0,0,0,37,22
430573,2001,,,0,0,46,0,46,46,46,46
430582,2001,176,,176,176,0,0,0,0,176,176
430591,2001,,,0,0,148,88,236,182,236,182
430616,2001,173,,173,173,0,0,0,0,173,173
430643,2001,2,19,21,8,0,0,0,0,21,8
430670,2001,,,0,0,175,0,175,175,175,175
430704,2001,,,0,0,64,1,65,64,65,64
430722,2001,99,,99,99,0,0,0,0,99,99
430759,2001,37,,37,37,0,0,0,0,37,37
430768,2001,128,,128,128,0,0,0,0,128,128
430777,2001,1030,108,1138,1066,0,0,0,0,1138,1066
430786,2001,,142,142,48,0,0,0,0,142,48
430795,2001,181,30,211,193,0,0,0,0,211,193
430810,2001,18,21,39,26,0,0,0,0,39,26
430829,2001,12,5,17,14,0,0,0,0,17,14
430838,2001,20,,20,20,0,0,0,0,20,20
430847,2001,55,,55,55,0,0,0,0,55,55
430883,2001,16,,16,16,0,0,0,0,16,16
430908,2001,21,,21,21,0,0,0,0,21,21
430917,2001,160,,160,160,0,0,0,0,160,160
430935,2001,86,133,219,139,0,0,0,0,219,139
430953,2001,288,,288,288,0,0,0,0,288,288
430962,2001,82,,82,82,0,0,0,0,82,82
430971,2001,64,,64,64,0,0,0,0,64,64
430980,2001,203,24,227,213,0,0,0,0,227,213
430999,2001,27,,27,27,0,0,0,0,27,27
431017,2001,108,29,137,118,0,0,0,0,137,118
431035,2001,304,,304,304,0,0,0,0,304,304
431044,2001,,94,94,37,0,0,0,0,94,37
431071,2001,97,59,156,120,0,0,0,0,156,120
431099,2001,15,20,35,23,0,0,0,0,35,23
431105,2001,35,40,75,48,0,0,0,0,75,48
431123,2001,579,,579,579,0,0,0,0,579,579
431132,2001,,,0,0,5,0,5,5,5,5
431141,2001,626,,626,626,0,0,0,0,626,626
431169,2001,139,10,149,143,0,0,0,0,149,143
431178,2001,240,3,243,241,0,0,0,0,243,241
431196,2001,1346,,1346,1346,0,0,0,0,1346,1346
431202,2001,36,,36,36,0,0,0,0,36,36
431248,2001,18,,18,18,0,0,0,0,18,18
431266,2001,42,59,101,62,0,0,0,0,101,62
431275,2001,20,35,55,32,0,0,0,0,55,32
431284,2001,47,43,90,64,0,0,0,0,90,64
431309,2001,396,,396,396,0,0,0,0,396,396
431318,2001,99,,99,99,0,0,0,0,99,99
431512,2001,48,,48,48,0,0,0,0,48,48
431558,2001,177,,177,177,0,0,0,0,177,177
431594,2001,,,0,0,11,0,11,11,11,11
431600,2001,41,,41,41,0,0,0,0,41,41
431637,2001,27,9,36,31,0,0,0,0,36,31
431664,2001,86,36,122,100,0,0,0,0,122,100
431691,2001,36,10,46,39,0,0,0,0,46,39
431716,2001,268,,268,268,0,0,0,0,268,268
431743,2001,,,0,0,25,0,25,25,25,25
431770,2001,15,56,71,34,0,0,0,0,71,34
431804,2001,13,,13,13,0,0,0,0,13,13
431822,2001,,,0,0,14,0,14,14,14,14
431831,2001,292,,292,292,0,0,0,0,292,292
431859,2001,33,357,390,153,0,0,0,0,390,153
431877,2001,20,7,27,22,0,0,0,0,27,22
431886,2001,942,,942,942,0,0,0,0,942,942
431901,2001,,,0,0,69,0,69,69,69,69
431929,2001,205,12,217,210,0,0,0,0,217,210
431956,2001,64,1,65,64,0,0,0,0,65,64
431965,2001,93,,93,93,0,0,0,0,93,93
431974,2001,95,,95,95,0,0,0,0,95,95
431983,2001,119,,119,119,0,0,0,0,119,119
432074,2001,41,34,75,52,0,0,0,0,75,52
432083,2001,,99,99,39,0,0,0,0,99,39
432108,2001,242,4,246,244,0,0,0,0,246,244
432117,2001,10,18,28,17,0,0,0,0,28,17
432171,2001,1873,405,2278,2032,0,0,0,0,2278,2032
432199,2001,1518,518,2036,1721,0,0,0,0,2036,1721
432214,2001,,,0,0,28,71,99,55,99,55
432223,2001,1165,,1165,1165,356,0,356,356,1521,1521
432232,2001,1171,,1171,1171,457,0,457,457,1628,1628
432241,2001,1030,,1030,1030,255,0,255,255,1285,1285
432269,2001,86,,86,86,0,0,0,0,86,86
432278,2001,93,61,154,117,0,0,0,0,154,117
432296,2001,363,,363,363,0,0,0,0,363,363
432302,2001,283,,283,283,0,0,0,0,283,283
432311,2001,351,,351,351,0,0,0,0,351,351
432348,2001,,,0,0,236,6,242,239,242,239
432357,2001,,,0,0,11,54,65,32,65,32
432384,2001,377,,377,377,0,0,0,0,377,377
432436,2001,269,21,290,277,0,0,0,0,290,277
432481,2001,123,,123,123,0,0,0,0,123,123
432524,2001,63,10,73,67,0,0,0,0,73,67
432533,2001,1303,126,1429,1352,0,0,0,0,1429,1352
433004,2001,75,,75,75,0,0,0,0,75,75
433013,2001,57,62,119,82,0,0,0,0,119,82
433022,2001,332,,332,332,0,0,0,0,332,332
433040,2001,36,,36,36,0,0,0,0,36,36
433068,2001,350,,350,350,0,0,0,0,350,350
433086,2001,86,7,93,89,0,0,0,0,93,89
433101,2001,40,34,74,53,0,0,0,0,74,53
433129,2001,,,0,0,119,7,126,122,126,122
433138,2001,154,304,458,256,0,0,0,0,458,256
433147,2001,,,0,0,7,0,7,7,7,7
433156,2001,,,0,0,2,3,5,3,5,3
433165,2001,4,,4,4,0,0,0,0,4,4
433174,2001,84,182,266,156,0,0,0,0,266,156
433217,2001,,,0,0,6,0,6,6,6,6
433280,2001,,,0,0,69,0,69,69,69,69
433299,2001,34,,34,34,0,0,0,0,34,34
433305,2001,,,0,0,41,6,47,43,47,43
433387,2001,,77,77,30,0,136,136,52,213,82
433420,2001,87,,87,87,0,0,0,0,87,87
433536,2001,156,67,223,182,0,0,0,0,223,182
433563,2001,286,46,332,304,0,0,0,0,332,304
433660,2001,2039,1364,3403,2589,194,617,811,417,4214,3006
433688,2001,949,,949,949,0,0,0,0,949,949
433970,2001,106,,106,106,0,0,0,0,106,106
434016,2001,37,51,88,57,0,0,0,0,88,57
434025,2001,10,,10,10,0,0,0,0,10,10
434034,2001,343,716,1059,624,0,0,0,0,1059,624
434052,2001,565,2,567,566,0,0,0,0,567,566
434113,2001,23,,23,23,0,0,0,0,23,23
434122,2001,11,,11,11,0,0,0,0,11,11
434131,2001,311,,311,311,0,0,0,0,311,311
434140,2001,436,,436,436,0,0,0,0,436,436
434274,2001,32,17,49,39,0,0,0,0,49,39
434283,2001,55,,55,55,0,0,0,0,55,55
434292,2001,13,,13,13,0,0,0,0,13,13
434308,2001,165,631,796,416,0,0,0,0,796,416
434317,2001,179,,179,179,0,0,0,0,179,179
434326,2001,24,12,36,29,0,0,0,0,36,29
434344,2001,38,38,76,53,0,0,0,0,76,53
434353,2001,22,8,30,25,0,0,0,0,30,25
434362,2001,34,29,63,46,0,0,0,0,63,46
434371,2001,48,3,51,49,0,0,0,0,51,49
434380,2001,24,2,26,25,0,0,0,0,26,25
434399,2001,10,,10,10,0,0,0,0,10,10
434405,2001,70,,70,70,0,0,0,0,70,70
434414,2001,52,20,72,60,0,0,0,0,72,60
434423,2001,503,,503,503,0,0,0,0,503,503
434432,2001,39,6,45,41,0,0,0,0,45,41
434441,2001,,,0,0,111,0,111,111,111,111
434469,2001,228,,228,228,0,0,0,0,228,228
434478,2001,,,0,0,20,0,20,20,20,20
434496,2001,45,,45,45,0,0,0,0,45,45
434502,2001,50,5,55,52,0,0,0,0,55,52
434520,2001,288,228,516,379,0,0,0,0,516,379
434539,2001,80,23,103,89,0,0,0,0,103,89
434548,2001,482,2,484,483,0,0,0,0,484,483
434557,2001,268,2,270,269,0,0,0,0,270,269
434566,2001,243,2,245,244,0,0,0,0,245,244
434575,2001,266,1,267,266,0,0,0,0,267,266
434584,2001,55,224,279,144,0,0,0,0,279,144
434672,2001,6494,12404,18898,11419,0,0,0,0,18898,11419
434690,2001,212,,212,212,0,0,0,0,212,212
434715,2001,,,0,0,248,204,452,359,452,359
434724,2001,,,0,0,85,26,111,95,111,95
434751,2001,24,55,79,46,0,0,0,0,79,46
434812,2001,474,,474,474,0,0,0,0,474,474
434821,2001,465,,465,465,0,0,0,0,465,465
434830,2001,87,59,146,110,0,0,0,0,146,110
434849,2001,620,,620,620,0,0,0,0,620,620
434900,2001,363,,363,363,0,0,0,0,363,363
434937,2001,55,,55,55,0,0,0,0,55,55
434946,2001,1025,,1025,1025,469,0,469,469,1494,1494
434955,2001,1154,,1154,1154,422,0,422,422,1576,1576
434964,2001,807,,807,807,491,0,491,491,1298,1298
434973,2001,855,,855,855,345,0,345,345,1200,1200
434982,2001,548,,548,548,126,0,126,126,674,674
434991,2001,558,,558,558,171,0,171,171,729,729
435055,2001,69,,69,69,0,0,0,0,69,69
435116,2001,110,,110,110,0,0,0,0,110,110
435338,2001,,,0,0,66,0,66,66,66,66
436003,2001,12,25,37,22,0,0,0,0,37,22
436012,2001,126,,126,126,0,0,0,0,126,126
436021,2001,,,0,0,21,0,21,21,21,21
436030,2001,20,54,74,41,0,0,0,0,74,41
436067,2001,26,,26,26,0,0,0,0,26,26
436076,2001,83,,83,83,0,0,0,0,83,83
436094,2001,,,0,0,159,48,207,177,207,177
436100,2001,52,49,101,71,0,0,0,0,101,71
436182,2001,398,,398,398,0,0,0,0,398,398
436191,2001,651,,651,651,0,0,0,0,651,651
436225,2001,657,,657,657,0,0,0,0,657,657
436261,2001,,,0,0,119,7,126,122,126,122
436270,2001,105,104,209,146,0,0,0,0,209,146
436304,2001,187,242,429,283,0,0,0,0,429,283
436438,2001,,19,19,7,121,40,161,136,180,143
436465,2001,70,,70,70,0,0,0,0,70,70
436474,2001,673,,673,673,0,0,0,0,673,673
436483,2001,143,147,290,201,0,0,0,0,290,201
436517,2001,17,16,33,23,0,0,0,0,33,23
436526,2001,84,,84,84,0,0,0,0,84,84
436535,2001,29,26,55,39,0,0,0,0,55,39
436553,2001,359,,359,359,0,0,0,0,359,359
436562,2001,163,,163,163,0,0,0,0,163,163
436571,2001,277,,277,277,0,0,0,0,277,277
436599,2001,15,79,94,46,0,0,0,0,94,46
436605,2001,58,104,162,99,0,0,0,0,162,99
436614,2001,49,29,78,60,2,7,9,5,87,65
436623,2001,95,,95,95,0,0,0,0,95,95
436632,2001,32,19,51,40,0,0,0,0,51,40
436641,2001,93,20,113,101,0,0,0,0,113,101
436650,2001,178,,178,178,0,0,0,0,178,178
436702,2001,267,77,344,298,0,0,0,0,344,298
436748,2001,10,4,14,12,0,0,0,0,14,12
436757,2001,172,2,174,173,0,0,0,0,174,173
436775,2001,84,,84,84,0,0,0,0,84,84
436784,2001,3166,634,3800,3418,0,0,0,0,3800,3418
436793,2001,60,,60,60,0,0,0,0,60,60
436809,2001,38,43,81,55,0,0,0,0,81,55
436818,2001,1111,750,1861,1414,0,37,37,13,1898,1427
436827,2001,360,288,648,476,0,25,25,9,673,485
436836,2001,535,536,1071,751,0,62,62,22,1133,773
436854,2001,36,29,65,48,0,0,0,0,65,48
437042,2001,356,,356,356,0,0,0,0,356,356
437051,2001,218,4,222,220,0,0,0,0,222,220
437060,2001,185,,185,185,0,0,0,0,185,185
437079,2001,167,,167,167,0,0,0,0,167,167
437088,2001,8,14,22,14,0,0,0,0,22,14
437103,2001,2091,2089,4180,2920,0,0,0,0,4180,2920
437112,2001,16,,16,16,0,0,0,0,16,16
437149,2001,130,,130,130,0,0,0,0,130,130
437167,2001,63,,63,63,0,0,0,0,63,63
437185,2001,626,1174,1800,1087,313,587,900,537,2700,1624
437219,2001,436,1,437,436,0,0,0,0,437,436
437246,2001,319,523,842,527,0,0,0,0,842,527
437255,2001,129,110,239,173,0,0,0,0,239,173
437264,2001,,,0,0,19,45,64,36,64,36
437316,2001,333,30,363,345,0,0,0,0,363,345
437325,2001,31,546,577,245,0,0,0,0,577,245
437334,2001,,,0,0,62,163,225,124,225,124
437389,2001,,,0,0,9,68,77,35,77,35
437398,2001,,,0,0,41,75,116,70,116,70
437404,2001,,,0,0,8,94,102,44,102,44
437431,2001,57,210,267,140,0,0,0,0,267,140
437501,2001,63,1,64,63,0,0,0,0,64,63
437510,2001,262,9,271,266,6,0,6,6,277,272
437529,2001,166,71,237,194,0,0,0,0,237,194
437538,2001,20,,20,20,0,0,0,0,20,20
437556,2001,140,,140,140,0,0,0,0,140,140
437565,2001,80,,80,80,0,0,0,0,80,80
437574,2001,34,,34,34,0,0,0,0,34,34
437583,2001,90,,90,90,0,0,0,0,90,90
437592,2001,64,4,68,66,0,0,0,0,68,66
437608,2001,57,,57,57,0,0,0,0,57,57
437644,2001,167,,167,167,0,0,0,0,167,167
437653,2001,82,,82,82,0,0,0,0,82,82
437662,2001,550,,550,550,0,0,0,0,550,550
437671,2001,2,37,39,17,0,0,0,0,39,17
437680,2001,117,,117,117,0,0,0,0,117,117
437705,2001,16,,16,16,0,0,0,0,16,16
437714,2001,105,,105,105,0,0,0,0,105,105
437723,2001,403,127,530,453,0,0,0,0,530,453
437732,2001,97,,97,97,0,0,0,0,97,97
437750,2001,152,,152,152,0,0,0,0,152,152
437778,2001,101,65,166,127,0,0,0,0,166,127
437848,2001,415,178,593,485,0,3,3,1,596,486
437857,2001,130,44,174,147,0,0,0,0,174,147
437866,2001,27,9,36,31,0,0,0,0,36,31
437893,2001,12,,12,12,0,0,0,0,12,12
437927,2001,603,,603,603,0,0,0,0,603,603
437936,2001,554,,554,554,0,0,0,0,554,554
437945,2001,52,,52,52,0,0,0,0,52,52
438036,2001,58,,58,58,0,0,0,0,58,58
438063,2001,392,,392,392,0,0,0,0,392,392
438133,2001,341,,341,341,0,0,0,0,341,341
438151,2001,95,,95,95,0,0,0,0,95,95
438179,2001,291,,291,291,0,0,0,0,291,291
438188,2001,1122,,1122,1122,0,0,0,0,1122,1122
438197,2001,322,125,447,372,0,0,0,0,447,372
438212,2001,182,109,291,225,0,0,0,0,291,225
438221,2001,181,102,283,221,0,0,0,0,283,221
438249,2001,216,20,236,224,0,0,0,0,236,224
438258,2001,191,,191,191,0,0,0,0,191,191
438267,2001,91,40,131,107,0,0,0,0,131,107
438276,2001,454,,454,454,0,0,0,0,454,454
438285,2001,380,,380,380,0,0,0,0,380,380
438294,2001,133,,133,133,0,0,0,0,133,133
438337,2001,195,50,245,215,0,0,0,0,245,215
438382,2001,578,,578,578,269,0,269,269,847,847
438416,2001,431,,431,431,155,0,155,155,586,586
438452,2001,103,,103,103,0,0,0,0,103,103
438498,2001,651,23,674,660,12,0,12,12,686,672
438504,2001,503,,503,503,0,0,0,0,503,503
438577,2001,27,,27,27,0,0,0,0,27,27
438586,2001,256,475,731,443,99,413,512,257,1243,700
438595,2001,30,,30,30,57,0,57,57,87,87
438601,2001,175,539,714,387,180,0,180,180,894,567
438610,2001,592,,592,592,302,0,302,302,894,894
438629,2001,182,,182,182,114,0,114,114,296,296
438638,2001,506,44,550,523,0,0,0,0,550,523
438647,2001,1011,,1011,1011,0,0,0,0,1011,1011
438656,2001,387,,387,387,0,0,0,0,387,387
438674,2001,51,33,84,64,0,0,0,0,84,64
438717,2001,,,0,0,36,33,69,49,69,49
438735,2001,219,,219,219,0,0,0,0,219,219
438744,2001,1177,371,1548,1323,0,0,0,0,1548,1323
438805,2001,234,94,328,271,0,0,0,0,328,271
438869,2001,515,,515,515,0,0,0,0,515,515
438878,2001,65,74,139,94,0,0,0,0,139,94
438887,2001,183,,183,183,0,0,0,0,183,183
438896,2001,242,,242,242,0,0,0,0,242,242
438902,2001,409,132,541,461,10,3,13,11,554,472
438939,2001,,,0,0,5,30,35,21,35,21
438948,2001,,,0,0,4,55,59,32,59,32
438966,2001,107,63,170,132,0,0,0,0,170,132
438975,2001,522,,522,522,0,0,0,0,522,522
438984,2001,54,,54,54,0,0,0,0,54,54
439020,2001,,,0,0,63,63,126,87,126,87
439039,2001,161,,161,161,0,0,0,0,161,161
439048,2001,157,60,217,181,0,0,0,0,217,181
439057,2001,,,0,0,75,43,118,91,118,91
439093,2001,86,,86,86,0,0,0,0,86,86
439127,2001,304,,304,304,0,0,0,0,304,304
439136,2001,230,,230,230,0,0,0,0,230,230
439145,2001,1072,1402,2474,1629,0,0,0,0,2474,1629
439163,2001,611,192,803,686,0,0,0,0,803,686
439172,2001,1157,505,1662,1355,0,0,0,0,1662,1355
439181,2001,854,497,1351,1049,0,0,0,0,1351,1049
439190,2001,917,1070,1987,1342,0,0,0,0,1987,1342
439279,2001,183,,183,183,63,0,63,63,246,246
439288,2001,619,27,646,630,0,0,0,0,646,630
439297,2001,232,,232,232,139,0,139,139,371,371
439303,2001,37,,37,37,0,0,0,0,37,37
439312,2001,48,,48,48,0,0,0,0,48,48
439321,2001,157,30,187,169,0,0,0,0,187,169
439376,2001,116,,116,116,0,0,0,0,116,116
439394,2001,,,0,0,93,0,93,93,93,93
439400,2001,48,,48,48,0,0,0,0,48,48
439419,2001,15,,15,15,0,0,0,0,15,15
439446,2001,,,0,0,62,0,62,62,62,62
439455,2001,193,,193,193,0,0,0,0,193,193
439464,2001,94,,94,94,0,0,0,0,94,94
439473,2001,73,67,140,100,0,0,0,0,140,100
439482,2001,196,,196,196,0,0,0,0,196,196
439491,2001,326,,326,326,0,0,0,0,326,326
439507,2001,197,,197,197,0,0,0,0,197,197
439516,2001,246,,246,246,0,0,0,0,246,246
439525,2001,87,,87,87,0,0,0,0,87,87
439534,2001,70,,70,70,0,0,0,0,70,70
439561,2001,81,,81,81,0,0,0,0,81,81
439570,2001,157,12,169,162,0,0,0,0,169,162
439589,2001,49,8,57,52,0,0,0,0,57,52
439598,2001,39,,39,39,0,0,0,0,39,39
439604,2001,18,,18,18,0,0,0,0,18,18
439613,2001,51,193,244,127,0,0,0,0,244,127
439659,2001,13,22,35,22,0,0,0,0,35,22
439686,2001,272,,272,272,0,0,0,0,272,272
439695,2001,39,23,62,48,0,0,0,0,62,48
439701,2001,55,141,196,110,29,108,137,70,333,180
439729,2001,4,3,7,5,0,0,0,0,7,5
439738,2001,15,,15,15,0,0,0,0,15,15
439747,2001,98,38,136,113,0,0,0,0,136,113
439756,2001,31,71,102,59,0,0,0,0,102,59
439765,2001,25,171,196,93,0,0,0,0,196,93
439774,2001,81,,81,81,0,0,0,0,81,81
439783,2001,196,38,234,211,0,0,0,0,234,211
439792,2001,89,,89,89,0,0,0,0,89,89
439808,2001,77,,77,77,0,0,0,0,77,77
439817,2001,,,0,0,74,29,103,85,103,85
439826,2001,250,,250,250,0,0,0,0,250,250
439835,2001,5,21,26,13,0,0,0,0,26,13
439844,2001,45,,45,45,0,0,0,0,45,45
439880,2001,,31,31,12,0,0,0,0,31,12
439914,2001,,,0,0,27,0,27,27,27,27
439923,2001,16,,16,16,0,0,0,0,16,16
439932,2001,73,,73,73,0,0,0,0,73,73
439969,2001,133,,133,133,0,0,0,0,133,133
439978,2001,103,,103,103,0,0,0,0,103,103
439987,2001,20,,20,20,0,0,0,0,20,20
439996,2001,104,,104,104,0,0,0,0,104,104
440004,2001,,,0,0,36,2,38,37,38,37
440013,2001,51,,51,51,0,0,0,0,51,51
440022,2001,392,,392,392,0,0,0,0,392,392
440059,2001,128,,128,128,0,0,0,0,128,128
440068,2001,219,,219,219,0,0,0,0,219,219
440077,2001,74,75,149,104,0,0,0,0,149,104
440086,2001,158,,158,158,0,0,0,0,158,158
440101,2001,51,7,58,54,0,0,0,0,58,54
440110,2001,351,,351,351,0,0,0,0,351,351
440129,2001,238,,238,238,0,0,0,0,238,238
440147,2001,227,46,273,245,0,0,0,0,273,245
440156,2001,78,32,110,91,0,0,0,0,110,91
440165,2001,93,,93,93,0,0,0,0,93,93
440174,2001,24,,24,24,0,0,0,0,24,24
440192,2001,8400,,8400,8400,0,0,0,0,8400,8400
440217,2001,17,,17,17,0,0,0,0,17,17
440226,2001,40,,40,40,0,0,0,0,40,40
440235,2001,28,22,50,37,0,0,0,0,50,37
440244,2001,937,1454,2391,1514,0,0,0,0,2391,1514
440262,2001,16,11,27,20,0,0,0,0,27,20
440271,2001,203,,203,203,0,0,0,0,203,203
440299,2001,179,175,354,248,0,0,0,0,354,248
440305,2001,759,1535,2294,1368,0,0,0,0,2294,1368
440341,2001,128,18,146,135,0,0,0,0,146,135
440369,2001,298,,298,298,0,0,0,0,298,298
440378,2001,89,,89,89,0,0,0,0,89,89
440387,2001,53,20,73,61,0,0,0,0,73,61
440396,2001,82,7,89,85,0,0,0,0,89,85
440402,2001,234,370,604,381,0,0,0,0,604,381
440411,2001,,,0,0,51,19,70,58,70,58
440420,2001,58,,58,58,0,0,0,0,58,58
440439,2001,182,,182,182,104,0,104,104,286,286
440448,2001,366,,366,366,184,0,184,184,550,550
440457,2001,50,,50,50,29,0,29,29,79,79
440466,2001,717,,717,717,12,0,12,12,729,729
440484,2001,81,10,91,85,0,0,0,0,91,85
440536,2001,94,149,243,153,0,0,0,0,243,153
440545,2001,403,158,561,465,0,0,0,0,561,465
440572,2001,,,0,0,32,72,104,60,104,60
440581,2001,,,0,0,21,54,75,42,75,42
440590,2001,171,98,269,209,0,0,0,0,269,209
440606,2001,90,38,128,105,0,0,0,0,128,105
440624,2001,51,210,261,134,0,0,0,0,261,134
440642,2001,48,,48,48,0,0,0,0,48,48
440651,2001,290,,290,290,0,0,0,0,290,290
440679,2001,26,,26,26,0,0,0,0,26,26
440703,2001,,,0,0,9,33,42,22,42,22
440721,2001,38,33,71,49,0,0,0,0,71,49
440730,2001,77,,77,77,0,0,0,0,77,77
440749,2001,100,98,198,138,0,0,0,0,198,138
440758,2001,97,137,234,151,0,0,0,0,234,151
440767,2001,70,66,136,96,0,0,0,0,136,96
440776,2001,112,,112,112,0,0,0,0,112,112
440785,2001,850,,850,850,0,0,0,0,850,850
440794,2001,2,107,109,44,0,0,0,0,109,44
440800,2001,22,,22,22,0,0,0,0,22,22
440819,2001,32,,32,32,0,0,0,0,32,32
440828,2001,48,143,191,106,41,13,54,46,245,152
440837,2001,47,,47,47,0,0,0,0,47,47
440846,2001,82,,82,82,0,0,0,0,82,82
440855,2001,205,,205,205,0,0,0,0,205,205
440864,2001,44,,44,44,0,0,0,0,44,44
440873,2001,209,,209,209,0,0,0,0,209,209
440882,2001,262,,262,262,0,0,0,0,262,262
440891,2001,169,,169,169,0,0,0,0,169,169