unitid,Year,UG FT,UG PT,UG total enrollment,UG total FTE ,GR FT,GR PT,GR total enrollment,GR total FTE,Total enrollment,Total FTE
100654,2002,4408,336,4744,4544,460,710,1170,717,5914,5261
100663,2002,7166,3335,10501,8512,3140,1938,5078,3841,15579,12353
100690,2002,281,13,294,286,116,137,253,173,547,459
100706,2002,3578,2020,5598,4393,571,876,1447,888,7045,5281
100724,2002,4526,599,5125,4768,192,721,913,453,6038,5221
100751,2002,13810,1631,15441,14468,2685,1458,4143,3213,19584,17681
100760,2002,1010,889,1899,1308,0,0,0,0,1899,1308
100812,2002,1113,1415,2528,1684,0,0,0,0,2528,1684
100830,2002,2606,1723,4329,3301,209,566,775,414,5104,3715
100858,2002,17711,1892,19603,18475,2210,1463,3673,2762,23276,21237
100919,2002,614,849,1463,899,0,0,0,0,1463,899
100937,2002,1282,34,1316,1295,50,41,91,66,1407,1361
100973,2002,150,107,257,186,0,0,0,0,257,186
101028,2002,1003,976,1979,1331,0,0,0,0,1979,1331
101073,2002,754,214,968,838,0,0,0,0,968,838
101107,2002,317,112,429,355,0,0,0,0,429,355
101116,2002,187,85,272,220,0,0,0,0,272,220
101143,2002,907,702,1609,1143,0,0,0,0,1609,1143
101161,2002,2147,1121,3268,2523,0,0,0,0,3268,2523
101189,2002,1661,618,2279,1904,178,123,301,245,2580,2149
101231,2002,273,,273,273,0,0,0,0,273,273
101240,2002,2861,2326,5187,3642,0,0,0,0,5187,3642
101286,2002,2532,1555,4087,3054,0,0,0,0,4087,3054
101295,2002,3171,2223,5394,3917,0,0,0,0,5394,3917
101301,2002,1072,621,1693,1280,0,0,0,0,1693,1280
101347,2002,817,530,1347,995,0,0,0,0,1347,995
101365,2002,332,119,451,379,0,0,0,0,451,379
101435,2002,560,34,594,573,0,0,0,0,594,573
101453,2002,49,85,134,82,1,12,13,6,147,88
101462,2002,486,326,812,595,0,0,0,0,812,595
101471,2002,465,139,604,512,0,0,0,0,604,512
101480,2002,5771,1553,7324,6398,442,1164,1606,863,8930,7261
101499,2002,947,441,1388,1095,0,0,0,0,1388,1095
101505,2002,2695,4223,6918,4113,0,0,0,0,6918,4113
101514,2002,3487,5112,8599,5203,0,0,0,0,8599,5203
101523,2002,469,619,1088,677,0,0,0,0,1088,677
101541,2002,300,63,363,325,0,0,0,0,363,325
101569,2002,1411,757,2168,1665,0,0,0,0,2168,1665
101587,2002,1469,152,1621,1530,187,194,381,257,2002,1787
101602,2002,553,209,762,623,0,0,0,0,762,623
101648,2002,198,,198,198,0,0,0,0,198,198
101675,2002,1645,149,1794,1704,0,0,0,0,1794,1704
101693,2002,1394,407,1801,1554,70,132,202,120,2003,1674
101709,2002,2248,267,2515,2356,147,273,420,246,2935,2602
101736,2002,2727,1791,4518,3328,0,0,0,0,4518,3328
101879,2002,4069,757,4826,4374,89,501,590,270,5416,4644
101897,2002,1007,885,1892,1304,0,0,0,0,1892,1304
101912,2002,1569,214,1783,1653,0,0,0,0,1783,1653
101949,2002,906,376,1282,1032,0,0,0,0,1282,1032
101958,2002,48,44,92,65,0,0,0,0,92,65
101994,2002,487,329,816,597,0,0,0,0,816,597
102030,2002,2497,1942,4439,3149,0,0,0,0,4439,3149
102049,2002,2645,208,2853,2727,1217,296,1513,1335,4366,4062
102067,2002,3256,2098,5354,3960,0,0,0,0,5354,3960
102076,2002,1036,638,1674,1250,0,0,0,0,1674,1250
102094,2002,5885,3838,9723,7434,1664,936,2600,2003,12323,9437
102216,2002,56,13,69,61,0,0,0,0,69,61
102234,2002,1015,206,1221,1096,22,224,246,108,1467,1204
102261,2002,144,52,196,164,0,0,0,0,196,164
102270,2002,1387,54,1441,1408,0,0,0,0,1441,1408
102298,2002,405,12,417,410,0,0,0,0,417,410
102313,2002,409,285,694,505,0,0,0,0,694,505
102322,2002,737,801,1538,1060,82,271,353,180,1891,1240
102359,2002,884,1947,2831,1670,189,275,464,288,3295,1958
102368,2002,6235,3719,9954,7736,2934,3625,6559,4245,16513,11981
102377,2002,2518,90,2608,2553,336,57,393,358,3001,2911
102395,2002,,,0,0,78,352,430,212,430,212
102429,2002,2391,1422,3813,2868,0,0,0,0,3813,2868
102553,2002,6205,8886,15091,9791,258,494,752,437,15843,10228
102614,2002,3321,3406,6727,4695,578,356,934,707,7661,5402
102632,2002,800,2538,3338,1824,69,63,132,92,3470,1916
102669,2002,293,185,478,366,82,115,197,126,675,492
102711,2002,199,94,293,236,0,0,0,0,293,236
102845,2002,151,239,390,245,0,0,0,0,390,245
103361,2002,83,941,1024,399,0,0,0,0,1024,399
103440,2002,129,38,167,144,0,0,0,0,167,144
103501,2002,227,,227,227,0,0,0,0,227,227
103644,2002,429,161,590,493,0,0,0,0,590,493
103723,2002,1955,,1955,1955,0,0,0,0,1955,1955
103732,2002,48,,48,48,0,0,0,0,48,48
103741,2002,206,,206,206,0,0,0,0,206,206
103778,2002,,,0,0,838,695,1533,1104,1533,1104
103787,2002,79,23,102,88,0,0,0,0,102,88
103811,2002,342,,342,342,0,0,0,0,342,342
103893,2002,1487,,1487,1487,0,0,0,0,1487,1487
103945,2002,30,,30,30,0,0,0,0,30,30
103954,2002,34,,34,34,0,0,0,0,34,34
103963,2002,,642,642,255,0,0,0,0,642,255
104090,2002,249,,249,249,0,0,0,0,249,249
104151,2002,29216,7586,36802,32277,6245,4312,10557,7809,47359,40086
104160,2002,1669,4565,6234,3202,0,0,0,0,6234,3202
104179,2002,23676,4602,28278,25533,5813,2756,8569,6810,36847,32343
104188,2002,191,140,331,246,0,0,0,0,331,246
104294,2002,118,,118,118,0,0,0,0,118,118
104346,2002,1388,4063,5451,2752,0,0,0,0,5451,2752
104364,2002,364,,364,364,0,0,0,0,364,364
104391,2002,72,,72,72,0,0,0,0,72,72
104425,2002,1515,4119,5634,2898,0,0,0,0,5634,2898
104434,2002,62,,62,62,0,0,0,0,62,62
104443,2002,116,,116,116,0,0,0,0,116,116
104504,2002,55,15,70,61,0,0,0,0,70,61
104522,2002,33,5,38,35,0,0,0,0,38,35
104531,2002,1905,624,2529,2150,84,387,471,232,3000,2382
104568,2002,56,47,103,75,0,0,0,0,103,75
104577,2002,1273,2423,3696,2086,0,0,0,0,3696,2086
104586,2002,1507,164,1671,1571,15,16,31,21,1702,1592
104708,2002,5666,14733,20399,10612,0,0,0,0,20399,10612
104717,2002,1220,317,1537,1345,45,2391,2436,959,3973,2304
104805,2002,905,,905,905,0,0,0,0,905,905
104911,2002,79,81,160,111,0,0,0,0,160,111
104984,2002,157,,157,157,0,0,0,0,157,157
105118,2002,394,,394,394,0,0,0,0,394,394
105127,2002,110,,110,110,0,0,0,0,110,110
105145,2002,880,7089,7969,3260,0,0,0,0,7969,3260
105154,2002,7712,17293,25005,13518,0,0,0,0,25005,13518
105163,2002,233,55,288,255,0,0,0,0,288,255
105172,2002,402,54,456,423,0,0,0,0,456,423
105206,2002,656,5500,6156,2503,0,0,0,0,6156,2503
105215,2002,1496,,1496,1496,0,0,0,0,1496,1496
105242,2002,54,,54,54,0,0,0,0,54,54
105297,2002,717,1105,1822,1088,0,0,0,0,1822,1088
105330,2002,11432,2145,13577,12298,1815,4515,6330,3452,19907,15750
105349,2002,874,3785,4659,2145,0,0,0,0,4659,2145
105367,2002,156,1044,1200,566,72,636,708,315,1908,881
105419,2002,160,,160,160,0,0,0,0,160,160
105428,2002,3135,9945,13080,6474,0,0,0,0,13080,6474
105482,2002,329,,329,329,0,0,0,0,329,329
105516,2002,4684,,4684,4684,3428,0,3428,3428,8112,8112
105525,2002,8864,22271,31135,16341,0,0,0,0,31135,16341
105534,2002,510,,510,510,0,0,0,0,510,510
105543,2002,409,,409,409,0,0,0,0,409,409
105589,2002,735,99,834,774,149,48,197,167,1031,941
105659,2002,198,130,328,250,0,0,0,0,328,250
105668,2002,932,13640,14572,5511,0,0,0,0,14572,5511
105677,2002,30,,30,30,0,0,0,0,30,30
105701,2002,46,,46,46,0,0,0,0,46,46
105747,2002,3240,8663,11903,6148,0,0,0,0,11903,6148
105792,2002,868,3065,3933,1897,0,0,0,0,3933,1897
105880,2002,32,,32,32,89,0,89,89,121,121
105899,2002,245,35,280,259,0,0,0,0,280,259
105987,2002,189,,189,189,0,0,0,0,189,189
106041,2002,3035,,3035,3035,0,0,0,0,3035,3035
106050,2002,150,,150,150,0,0,0,0,150,150
106102,2002,1319,,1319,1319,492,0,492,492,1811,1811
106111,2002,121,,121,121,0,0,0,0,121,121
106148,2002,1328,6863,8191,3632,0,0,0,0,8191,3632
106245,2002,5573,3688,9261,7061,906,1324,2230,1391,11491,8452
106263,2002,506,177,683,577,1070,263,1333,1165,2016,1742
106281,2002,28,,28,28,0,0,0,0,28,28
106306,2002,140,75,215,169,0,0,0,0,215,169
106315,2002,33,,33,33,0,0,0,0,33,33
106342,2002,485,53,538,506,0,0,0,0,538,506
106351,2002,24,2,26,25,0,0,0,0,26,25
106360,2002,73,,73,73,0,0,0,0,73,73
106397,2002,10854,2035,12889,11675,1475,1631,3106,2066,15995,13741
106412,2002,2751,326,3077,2883,31,92,123,64,3200,2947
106449,2002,1641,1491,3132,2142,0,0,0,0,3132,2142
106458,2002,7558,1717,9275,8251,293,867,1160,607,10435,8858
106467,2002,4642,815,5457,4971,104,294,398,210,5855,5181
106476,2002,303,147,450,361,0,0,0,0,450,361
106485,2002,2006,310,2316,2131,46,120,166,89,2482,2220
106494,2002,142,5,147,144,0,0,0,0,147,144
106546,2002,746,,746,746,0,0,0,0,746,746
106607,2002,44,,44,44,0,0,0,0,44,44
106625,2002,726,647,1373,943,0,0,0,0,1373,943
106704,2002,7096,566,7662,7324,446,444,890,607,8552,7931
106713,2002,315,78,393,346,0,0,0,0,393,346
106759,2002,26,,26,26,0,0,0,0,26,26
106795,2002,346,564,910,535,0,0,0,0,910,535
106801,2002,252,,252,252,0,0,0,0,252,252
106810,2002,117,58,175,140,0,0,0,0,175,140
106829,2002,223,23,246,232,0,0,0,0,246,232
106838,2002,23,,23,23,0,0,0,0,23,23
106883,2002,843,729,1572,1088,0,0,0,0,1572,1088
106892,2002,264,,264,264,0,0,0,0,264,264
106908,2002,22,1,23,22,0,0,0,0,23,22
106935,2002,281,55,336,303,0,0,0,0,336,303
106944,2002,77,23,100,86,0,0,0,0,100,86
106980,2002,1105,1859,2964,1729,0,0,0,0,2964,1729
106999,2002,746,608,1354,950,0,0,0,0,1354,950
107017,2002,104,50,154,124,0,0,0,0,154,124
107035,2002,,,0,0,64,131,195,122,195,122
107044,2002,3885,204,4089,3965,165,841,1006,486,5095,4451
107071,2002,2828,316,3144,2956,82,271,353,180,3497,3136
107080,2002,1073,9,1082,1077,10,1,11,10,1093,1087
107099,2002,57,,57,57,0,0,0,0,57,57
107123,2002,46,,46,46,0,0,0,0,46,46
107141,2002,1491,69,1560,1518,22,126,148,70,1708,1588
107211,2002,49,,49,49,0,0,0,0,49,49
107220,2002,58,,58,58,0,0,0,0,58,58
107275,2002,19,,19,19,0,0,0,0,19,19
107293,2002,24,,24,24,0,0,0,0,24,24
107318,2002,288,850,1138,573,0,0,0,0,1138,573
107327,2002,1179,831,2010,1458,0,0,0,0,2010,1458
107363,2002,19,1,20,19,0,0,0,0,20,19
107442,2002,60,,60,60,0,0,0,0,60,60
107460,2002,1127,885,2012,1424,0,0,0,0,2012,1424
107488,2002,356,514,870,560,0,0,0,0,870,560
107512,2002,1575,78,1653,1606,0,0,0,0,1653,1606
107521,2002,533,722,1255,775,0,0,0,0,1255,775
107549,2002,634,370,1004,758,0,0,0,0,1004,758
107558,2002,655,48,703,674,0,0,0,0,703,674
107585,2002,1098,414,1512,1237,0,0,0,0,1512,1237
107600,2002,691,216,907,776,0,0,0,0,907,776
107619,2002,975,1347,2322,1427,0,0,0,0,2322,1427
107637,2002,1017,1180,2197,1413,0,0,0,0,2197,1413
107655,2002,27,25,52,37,0,0,0,0,52,37
107664,2002,2574,2774,5348,3505,0,0,0,0,5348,3505
107673,2002,183,63,246,208,0,0,0,0,246,208
107725,2002,647,407,1054,784,0,0,0,0,1054,784
107743,2002,479,623,1102,688,0,0,0,0,1102,688
107789,2002,23,26,49,33,0,0,0,0,49,33
107831,2002,45,26,71,55,0,0,0,0,71,55
107877,2002,481,131,612,532,0,0,0,0,612,532
107886,2002,28,,28,28,0,0,0,0,28,28
107974,2002,368,420,788,509,0,0,0,0,788,509
107983,2002,2484,372,2856,2634,19,150,169,73,3025,2707
107992,2002,472,616,1088,679,0,0,0,0,1088,679
108065,2002,10,11,21,14,0,0,0,0,21,14
108092,2002,3193,3012,6205,4408,0,0,0,0,6205,4408
108199,2002,2520,1299,3819,3036,0,0,0,0,3819,3036
108232,2002,3401,2306,5707,4307,695,248,943,790,6650,5097
108250,2002,490,40,530,506,0,0,0,0,530,506
108269,2002,,,0,0,216,26,242,226,242,226
108287,2002,284,,284,284,0,0,0,0,284,284
108348,2002,150,,150,150,0,0,0,0,150,150
108393,2002,139,,139,139,0,0,0,0,139,139
108649,2002,93,,93,93,0,0,0,0,93,93
108667,2002,1274,4405,5679,2753,0,0,0,0,5679,2753
108807,2002,2801,10213,13014,6230,0,0,0,0,13014,6230
108852,2002,177,,177,177,0,0,0,0,177,177
108861,2002,,,0,0,28,48,76,53,76,53
108870,2002,,,0,0,309,0,309,309,309,309
108977,2002,20,,20,20,0,0,0,0,20,20
109013,2002,991,171,1162,1058,21,66,87,46,1249,1104
109040,2002,1152,,1152,1152,0,0,0,0,1152,1152
109086,2002,6,,6,6,47,0,47,47,53,53
109208,2002,11007,20736,31743,17969,0,0,0,0,31743,17969
109332,2002,596,,596,596,0,0,0,0,596,596
109350,2002,3297,8917,12214,6291,0,0,0,0,12214,6291
109651,2002,1406,,1406,1406,99,0,99,99,1505,1505
109721,2002,191,,191,191,0,0,0,0,191,191
109730,2002,142,,142,142,0,0,0,0,142,142
109749,2002,49,,49,49,0,0,0,0,49,49
109785,2002,3448,611,4059,3688,1602,2032,3634,2387,7693,6075
109819,2002,5193,10945,16138,8868,0,0,0,0,16138,8868
109907,2002,846,2394,3240,1650,0,0,0,0,3240,1650
109934,2002,136,,136,136,0,0,0,0,136,136
110051,2002,400,148,548,458,7,28,35,18,583,476
110060,2002,129,35,164,143,31,12,43,37,207,180
110097,2002,2814,294,3108,2929,561,866,1427,914,4535,3843
110176,2002,1777,,1777,1777,0,0,0,0,1777,1777
110185,2002,1425,,1425,1425,82,0,82,82,1507,1507
110194,2002,61,,61,61,0,0,0,0,61,61
110219,2002,114,93,207,151,0,0,0,0,207,151
110246,2002,5480,7816,13296,8104,0,0,0,0,13296,8104
110307,2002,,,0,0,262,47,309,280,309,280
110316,2002,37,,37,37,352,552,904,563,941,600
110325,2002,418,,418,418,0,0,0,0,418,418
110334,2002,4359,10279,14638,7810,0,0,0,0,14638,7810
110361,2002,1269,349,1618,1406,152,395,547,303,2165,1709
110370,2002,1089,146,1235,1146,153,12,165,158,1400,1304
110398,2002,,,0,0,1263,0,1263,1263,1263,1263
110404,2002,939,,939,939,1181,0,1181,1181,2120,2120
110413,2002,1666,225,1891,1754,553,505,1058,746,2949,2500
110422,2002,16555,887,17442,16913,659,352,1011,786,18453,17699
110440,2002,,,0,0,265,101,366,304,366,304
110459,2002,,,0,0,530,100,630,568,630,568
110468,2002,467,33,500,480,879,558,1437,1092,1937,1572
110477,2002,,,0,0,447,136,583,499,583,499
110486,2002,4474,1157,5631,4941,1050,1084,2134,1442,7765,6383
110495,2002,4065,1862,5927,4816,793,1130,1923,1202,7850,6018
110510,2002,9368,2064,11432,10201,1767,3142,4909,2903,16341,13104
110529,2002,14262,3309,17571,15597,741,1509,2250,1287,19821,16884
110538,2002,12908,1448,14356,13492,1220,670,1890,1462,16246,14954
110547,2002,4895,3327,8222,6238,1851,3431,5282,3092,13504,9330
110556,2002,13623,3836,17459,15171,1995,1818,3813,2653,21272,17824
110565,2002,18651,7983,26634,21872,2421,3088,5509,3538,32143,25410
110574,2002,7575,2438,10013,8559,1587,2276,3863,2410,13876,10969
110583,2002,21683,6627,28310,24357,2557,3699,6256,3895,34566,28252
110592,2002,10383,4190,14573,12074,2215,4311,6526,3774,21099,15848
110608,2002,19774,6370,26144,22345,2670,4765,7435,4394,33579,26739
110617,2002,17159,5712,22871,19464,2716,2971,5687,3791,28558,23255
110635,2002,22286,1549,23835,22911,8109,1201,9310,8546,33145,31457
110644,2002,20226,2560,22786,21259,5920,381,6301,6060,29087,27319
110653,2002,18414,765,19179,18723,4179,421,4600,4331,23779,23054
110662,2002,23832,1067,24899,24263,12240,460,12700,12407,37599,36670
110671,2002,12888,1236,14124,13387,1709,101,1810,1746,15934,15133
110680,2002,18207,881,19088,18563,4253,187,4440,4321,23528,22884
110699,2002,35,,35,35,3492,0,3492,3492,3527,3527
110705,2002,17101,613,17714,17348,2658,187,2845,2726,20559,20074
110714,2002,12167,714,12881,12455,1191,67,1258,1215,14139,13670
110778,2002,,,0,0,319,46,365,337,365,337
110875,2002,70,4,74,72,0,0,0,0,74,72
110918,2002,69,14,83,74,0,0,0,0,83,74
110945,2002,123,,123,123,0,0,0,0,123,123
111009,2002,1378,,1378,1378,0,0,0,0,1378,1378
111054,2002,214,,214,214,0,0,0,0,214,214
111081,2002,773,14,787,778,443,7,450,446,1237,1224
111188,2002,597,122,719,646,0,0,0,0,719,646
111230,2002,196,,196,196,0,0,0,0,196,196
111391,2002,,,0,0,856,142,998,933,998,933
111434,2002,1254,4874,6128,2890,0,0,0,0,6128,2890
111461,2002,4450,8763,13213,7392,0,0,0,0,13213,7392
111513,2002,58,100,158,98,0,0,0,0,158,98
111638,2002,189,42,231,206,0,0,0,0,231,206
111708,2002,103,,103,103,0,0,0,0,103,103
111717,2002,362,,362,362,0,0,0,0,362,362
111726,2002,161,,161,161,0,0,0,0,161,161
111744,2002,40,,40,40,0,0,0,0,40,40
111762,2002,80,,80,80,0,0,0,0,80,80
111771,2002,120,,120,120,0,0,0,0,120,120
111799,2002,72,,72,72,0,0,0,0,72,72
111805,2002,22,,22,22,0,0,0,0,22,22
111887,2002,6035,18046,24081,12094,0,0,0,0,24081,12094
111896,2002,1163,4391,5554,2637,0,0,0,0,5554,2637
111920,2002,4023,11312,15335,7821,0,0,0,0,15335,7821
111939,2002,5492,12988,18480,9853,0,0,0,0,18480,9853
111948,2002,3043,198,3241,3121,825,718,1543,1117,4784,4238
111966,2002,81,25,106,91,1,3,4,2,110,93
112075,2002,1289,119,1408,1336,258,134,392,309,1800,1645
112084,2002,517,98,615,555,0,0,0,0,615,555
112127,2002,,,0,0,82,54,136,105,136,105
112172,2002,4682,7921,12603,7341,0,0,0,0,12603,7341
112190,2002,7157,35818,42975,19182,0,0,0,0,42975,19182
112233,2002,1222,,1222,1222,1037,0,1037,1037,2259,2259
112251,2002,,,0,0,1656,452,2108,1829,2108,1829
112260,2002,1096,3,1099,1097,0,0,0,0,1099,1097
112288,2002,468,,468,468,0,0,0,0,468,468
112312,2002,86,44,130,103,445,56,501,476,631,579
112367,2002,294,865,1159,637,0,0,0,0,1159,637
112385,2002,509,6969,7478,2849,0,0,0,0,7478,2849
112394,2002,225,165,390,290,0,0,0,0,390,290
112446,2002,632,268,900,737,33,0,33,33,933,770
112455,2002,93,,93,93,0,0,0,0,93,93
112516,2002,462,,462,462,0,0,0,0,462,462
112525,2002,,,0,0,1398,2,1400,1399,1400,1399
112561,2002,881,2357,3238,1672,0,0,0,0,3238,1672
112570,2002,136,3,139,137,0,0,0,0,139,137
112686,2002,2619,3660,6279,3848,0,0,0,0,6279,3848
112783,2002,273,2,275,274,0,0,0,0,275,274
112826,2002,2222,6436,8658,4383,0,0,0,0,8658,4383
113096,2002,6992,12530,19522,11199,0,0,0,0,19522,11199
113111,2002,1778,3561,5339,2974,0,0,0,0,5339,2974
113193,2002,4589,5832,10421,6547,0,0,0,0,10421,6547
113218,2002,1991,5385,7376,3799,0,0,0,0,7376,3799
113227,2002,296,,296,296,0,0,0,0,296,296
113236,2002,5019,10909,15928,8682,0,0,0,0,15928,8682
113245,2002,66,185,251,139,0,0,0,0,251,139
113333,2002,9282,15090,24372,14348,0,0,0,0,24372,14348
113397,2002,83,42,125,100,0,0,0,0,125,100
113528,2002,25,,25,25,0,0,0,0,25,25
113537,2002,33,,33,33,0,0,0,0,33,33
113573,2002,2708,5362,8070,4508,0,0,0,0,8070,4508
113582,2002,207,216,423,292,0,0,0,0,423,292
113607,2002,6019,2654,8673,7062,319,538,857,525,9530,7587
113634,2002,7455,14686,22141,12386,0,0,0,0,22141,12386
113698,2002,745,251,996,844,391,266,657,493,1653,1337
113704,2002,7,3,10,8,48,38,86,64,96,72
113713,2002,176,144,320,233,0,0,0,0,320,233
113856,2002,5473,21899,27372,12825,0,0,0,0,27372,12825
113908,2002,60,,60,60,0,0,0,0,60,60
113953,2002,,12060,12060,4789,0,0,0,0,12060,4789
113980,2002,7487,20389,27876,14332,0,0,0,0,27876,14332
114044,2002,56,,56,56,0,0,0,0,56,56
114062,2002,28,11,39,32,0,0,0,0,39,32
114071,2002,37,6,43,39,0,0,0,0,43,39
114080,2002,58,1,59,58,0,0,0,0,59,58
114114,2002,,,0,0,214,147,361,270,361,270
114123,2002,998,50,1048,1018,0,0,0,0,1048,1018
114266,2002,2484,8156,10640,5222,0,0,0,0,10640,5222
114345,2002,40,,40,40,0,0,0,0,40,40
114354,2002,2446,784,3230,2757,0,0,0,0,3230,2757
114372,2002,92,,92,92,0,0,0,0,92,92
114390,2002,640,199,839,719,0,0,0,0,839,719
114415,2002,235,101,336,275,0,0,0,0,336,275
114433,2002,499,1094,1593,866,0,0,0,0,1593,866
114460,2002,113,75,188,143,0,0,0,0,188,143
114549,2002,,,0,0,1464,0,1464,1464,1464,1464
114585,2002,,,0,0,167,26,193,177,193,177
114716,2002,4696,11819,16515,8664,0,0,0,0,16515,8664
114734,2002,,,0,0,47,38,85,62,85,62
114761,2002,47,1,48,47,0,0,0,0,48,47
114789,2002,8104,14708,22812,13042,0,0,0,0,22812,13042
114813,2002,936,513,1449,1138,385,513,898,581,2347,1719
114840,2002,,,0,0,965,1850,2815,1759,2815,1759
114859,2002,7817,13106,20923,12217,0,0,0,0,20923,12217
114886,2002,118,,118,118,0,0,0,0,118,118
114895,2002,181,,181,181,0,0,0,0,181,181
114901,2002,46,,46,46,0,0,0,0,46,46
114938,2002,1659,3901,5560,2969,0,0,0,0,5560,2969
114947,2002,174,4277,4451,1872,0,0,0,0,4451,1872
115001,2002,4937,12384,17321,9095,0,0,0,0,17321,9095
115010,2002,617,,617,617,0,0,0,0,617,617
115047,2002,,,0,0,226,122,348,293,348,293
115083,2002,245,626,871,491,1146,2398,3544,2103,4415,2594
115126,2002,4276,10504,14780,7803,0,0,0,0,14780,7803
115214,2002,,,0,0,235,28,263,246,263,246
115296,2002,7282,11097,18379,11008,0,0,0,0,18379,11008
115357,2002,39,,39,39,0,0,0,0,39,39
115393,2002,2787,8544,11331,5656,0,0,0,0,11331,5656
115409,2002,698,1,699,698,2,0,2,2,701,700
115454,2002,555,109,664,598,0,0,0,0,664,598
115472,2002,631,108,739,674,0,0,0,0,739,674
115490,2002,785,103,888,826,0,0,0,0,888,826
115515,2002,689,94,783,726,0,0,0,0,783,726
115533,2002,1204,141,1345,1260,0,0,0,0,1345,1260
115658,2002,38,120,158,86,0,0,0,0,158,86
115728,2002,293,239,532,387,111,238,349,202,881,589
115746,2002,,,0,0,535,24,559,544,559,544
115755,2002,5877,841,6718,6216,572,321,893,688,7611,6904
115773,2002,534,145,679,591,64,20,84,75,763,666
115782,2002,12,121,133,60,0,0,0,0,133,60
115861,2002,1850,2180,4030,2582,0,0,0,0,4030,2582
115931,2002,342,,342,342,0,0,0,0,342,342
116040,2002,221,,221,221,0,0,0,0,221,221
116226,2002,128,286,414,240,0,0,0,0,414,240
116235,2002,128,,128,128,0,0,0,0,128,128
116350,2002,26,22,48,35,0,0,0,0,48,35
116439,2002,2590,8483,11073,5438,0,0,0,0,11073,5438
116466,2002,848,96,944,886,0,0,0,0,944,886
116475,2002,812,47,859,830,0,0,0,0,859,830
116484,2002,632,34,666,645,0,0,0,0,666,645
116563,2002,195,,195,195,0,0,0,0,195,195
116624,2002,,,0,0,115,50,165,135,165,135
116712,2002,23,208,231,105,618,754,1372,909,1603,1014
116846,2002,123,8,131,126,99,7,106,102,237,228
117052,2002,5038,7450,12488,7539,0,0,0,0,12488,7539
117104,2002,320,118,438,366,0,0,0,0,438,366
117113,2002,729,70,799,756,0,0,0,0,799,756
117140,2002,2236,1608,3844,2868,1623,2052,3675,2408,7519,5276
117168,2002,294,28,322,305,0,0,0,0,322,305
117186,2002,106,,106,106,0,0,0,0,106,106
117195,2002,615,3579,4194,1817,0,0,0,0,4194,1817
117238,2002,189,,189,189,0,0,0,0,189,189
117247,2002,2689,10144,12833,6095,0,0,0,0,12833,6095
117274,2002,720,1773,2493,1315,0,0,0,0,2493,1315
117520,2002,,,0,0,483,37,520,503,520,503
117557,2002,46,,46,46,158,12,170,163,216,209
117575,2002,38,58,96,61,68,25,93,81,189,142
117627,2002,1247,201,1448,1326,138,172,310,204,1758,1530
117636,2002,661,255,916,761,1837,544,2381,2045,3297,2806
117645,2002,7060,18082,25142,13131,0,0,0,0,25142,13131
117672,2002,,,0,0,549,95,644,588,644,588
117690,2002,2913,6512,9425,5099,0,0,0,0,9425,5099
117706,2002,5142,13341,18483,9621,0,0,0,0,18483,9621
117715,2002,1617,4347,5964,3076,0,0,0,0,5964,3076
117724,2002,4330,9367,13697,7475,0,0,0,0,13697,7475
117733,2002,5021,13740,18761,9634,0,0,0,0,18761,9634
117751,2002,1073,56,1129,1095,142,232,374,254,1503,1349
117788,2002,5967,19777,25744,12607,0,0,0,0,25744,12607
117797,2002,19,,19,19,0,0,0,0,19,19
117803,2002,,255,255,86,0,0,0,0,255,86
117867,2002,1968,6239,8207,4063,0,0,0,0,8207,4063
117894,2002,2175,7718,9893,4766,0,0,0,0,9893,4766
117928,2002,429,77,506,459,0,0,0,0,506,459
117946,2002,5001,357,5358,5141,2082,715,2797,2412,8155,7553
118116,2002,9,70,79,37,0,0,0,0,79,37
118125,2002,31,32,63,44,0,0,0,0,63,44
118134,2002,68,57,125,91,0,0,0,0,125,91
118143,2002,30,24,54,40,0,0,0,0,54,40
118161,2002,78,,78,78,0,0,0,0,78,78
118189,2002,203,,203,203,0,0,0,0,203,203
118198,2002,930,187,1117,1004,0,0,0,0,1117,1004
118259,2002,215,,215,215,0,0,0,0,215,215
118277,2002,720,,720,720,0,0,0,0,720,720
118286,2002,538,,538,538,0,0,0,0,538,538
118338,2002,,494,494,196,0,0,0,0,494,196
118347,2002,1718,6353,8071,3851,0,0,0,0,8071,3851
118356,2002,78,,78,78,0,0,0,0,78,78
118374,2002,48,,48,48,0,0,0,0,48,48
118383,2002,58,,58,58,0,0,0,0,58,58
118392,2002,61,,61,61,0,0,0,0,61,61
118417,2002,82,,82,82,0,0,0,0,82,82
118426,2002,89,,89,89,0,0,0,0,89,89
118435,2002,58,,58,58,0,0,0,0,58,58
118444,2002,38,,38,38,0,0,0,0,38,38
118453,2002,107,,107,107,0,0,0,0,107,107
118480,2002,61,,61,61,0,0,0,0,61,61
118541,2002,726,19,745,734,0,0,0,0,745,734
118684,2002,986,3636,4622,2207,0,0,0,0,4622,2207
118693,2002,517,144,661,574,0,0,0,0,661,574
118709,2002,,,0,0,78,114,192,128,192,128
118718,2002,3677,7641,11318,6242,0,0,0,0,11318,6242
118772,2002,1212,5877,7089,3185,0,0,0,0,7089,3185
118888,2002,704,59,763,727,395,48,443,413,1206,1140
118912,2002,5204,5899,11103,7185,0,0,0,0,11103,7185
118921,2002,53,117,170,99,0,0,0,0,170,99
118930,2002,2050,8924,10974,5046,0,0,0,0,10974,5046
118958,2002,68,,68,68,0,0,0,0,68,68
118967,2002,476,,476,476,0,0,0,0,476,476
118976,2002,5915,12568,18483,10135,0,0,0,0,18483,10135
118994,2002,39,,39,39,0,0,0,0,39,39
119058,2002,14,,14,14,559,105,664,599,678,613
119067,2002,1956,12657,14613,6205,0,0,0,0,14613,6205
119128,2002,5,,5,5,13,0,13,13,18,18
119137,2002,6099,8995,15094,9119,0,0,0,0,15094,9119
119155,2002,60,,60,60,0,0,0,0,60,60
119164,2002,8499,22475,30974,16045,0,0,0,0,30974,16045
119173,2002,911,299,1210,1028,0,0,0,0,1210,1028
119216,2002,2998,8065,11063,5706,0,0,0,0,11063,5706
119270,2002,689,,689,689,0,0,0,0,689,689
119331,2002,1930,5937,7867,3923,0,0,0,0,7867,3923
119340,2002,478,,478,478,0,0,0,0,478,478
119359,2002,1275,,1275,1275,0,0,0,0,1275,1275
119368,2002,730,,730,730,0,0,0,0,730,730
119438,2002,609,,609,609,0,0,0,0,609,609
119456,2002,1393,,1393,1393,0,0,0,0,1393,1393
119465,2002,601,,601,601,0,0,0,0,601,601
119508,2002,643,,643,643,0,0,0,0,643,643
119544,2002,180,113,293,224,51,115,166,95,459,319
119553,2002,461,,461,461,0,0,0,0,461,461
119605,2002,2326,2450,4776,3288,8480,4609,13089,10241,17865,13529
119711,2002,611,7,618,614,280,285,565,433,1183,1047
119775,2002,4,2,6,5,151,46,197,169,203,174
119827,2002,106,,106,106,0,0,0,0,106,106
119845,2002,43,86,129,77,0,0,0,0,129,77
119951,2002,87,,87,87,0,0,0,0,87,87
120069,2002,151,,151,151,0,0,0,0,151,151
120078,2002,229,,229,229,0,0,0,0,229,229
120087,2002,76,,76,76,0,0,0,0,76,76
120166,2002,100,49,149,119,256,186,442,327,591,446
120184,2002,598,389,987,751,230,582,812,452,1799,1203
120254,2002,1787,21,1808,1795,14,10,24,18,1832,1813
120272,2002,110,,110,110,0,0,0,0,110,110
120290,2002,2900,8118,11018,5626,0,0,0,0,11018,5626
120333,2002,401,,401,401,0,0,0,0,401,401
120342,2002,9654,15974,25628,15017,0,0,0,0,25628,15017
120403,2002,942,18,960,949,29,12,41,34,1001,983
120421,2002,2484,5708,8192,4400,0,0,0,0,8192,4400
120537,2002,465,461,926,646,147,131,278,197,1204,843
120661,2002,506,,506,506,0,0,0,0,506,506
120698,2002,,,0,0,279,35,314,292,314,292
120740,2002,,,0,0,77,17,94,84,94,84
120768,2002,18,243,261,113,100,519,619,298,880,411
120795,2002,,,0,0,90,85,175,130,175,130
120838,2002,29,,29,29,85,0,85,85,114,114
120865,2002,1430,6,1436,1432,3,18,21,10,1457,1442
120883,2002,3126,107,3233,3168,2032,621,2653,2323,5886,5491
120944,2002,,,0,0,377,36,413,397,413,397
120953,2002,650,2996,3646,1656,0,0,0,0,3646,1656
120971,2002,7670,17896,25566,13678,0,0,0,0,25566,13678
121008,2002,27,20,47,35,0,0,0,0,47,35
121017,2002,,274,274,109,0,0,0,0,274,109
121044,2002,8376,17422,25798,14225,0,0,0,0,25798,14225
121071,2002,189,193,382,265,14,56,70,35,452,300
121150,2002,2627,526,3153,2834,2115,2523,4638,3079,7791,5913
121257,2002,906,48,954,925,0,0,0,0,954,925
121275,2002,259,,259,259,0,0,0,0,259,259
121309,2002,2310,80,2390,2341,252,356,608,388,2998,2729
121345,2002,1531,,1531,1531,0,0,0,0,1531,1531
121363,2002,1736,2449,4185,2558,0,0,0,0,4185,2558
121381,2002,32,18,50,39,0,0,0,0,50,39
121433,2002,112,7,119,115,0,0,0,0,119,115
121600,2002,,,0,0,4,0,4,4,4,4
121619,2002,4779,25567,30346,13363,0,0,0,0,30346,13363
121628,2002,,,0,0,74,0,74,74,74,74
121691,2002,3023,48,3071,3042,1201,25,1226,1211,4297,4253
121707,2002,2773,4748,7521,4367,0,0,0,0,7521,4367
121859,2002,23,28,51,34,0,0,0,0,51,34
121868,2002,8,10,18,12,0,0,0,0,18,12
121886,2002,4403,14126,18529,9146,0,0,0,0,18529,9146
121901,2002,8436,25356,33792,16949,0,0,0,0,33792,16949
121983,2002,14,11,25,18,152,22,174,160,199,178
121992,2002,173,,173,173,0,0,0,0,173,173
122117,2002,,,0,0,309,125,434,357,434,357
122180,2002,10169,13513,23682,14706,0,0,0,0,23682,14706
122205,2002,6034,13854,19888,10685,0,0,0,0,19888,10685
122223,2002,69,16,85,75,5,6,11,7,96,82
122250,2002,,,0,0,102,0,102,102,102,102
122287,2002,203,165,368,268,67,98,165,109,533,377
122296,2002,234,22,256,243,462,149,611,519,867,762
122339,2002,3303,12622,15925,7541,0,0,0,0,15925,7541
122366,2002,194,,194,194,0,0,0,0,194,194
122375,2002,6495,17653,24148,12422,0,0,0,0,24148,12422
122384,2002,1872,8842,10714,4841,0,0,0,0,10714,4841
122409,2002,22387,5617,28004,24654,3024,3276,6300,4209,34304,28863
122436,2002,4670,167,4837,4736,1334,955,2289,1738,7126,6474
122454,2002,392,74,466,421,175,33,208,188,674,609
122506,2002,157,3,160,158,125,6,131,127,291,285
122597,2002,15700,6106,21806,18164,3543,3029,6572,4639,28378,22803
122603,2002,,,0,0,174,422,596,342,596,342
122612,2002,4455,240,4695,4549,2766,733,3499,3066,8194,7615
122649,2002,,34,34,13,21,152,173,104,207,117
122658,2002,6537,11263,17800,10318,0,0,0,0,17800,10318
122685,2002,643,,643,643,0,0,0,0,643,643
122694,2002,677,,677,677,0,0,0,0,677,677
122728,2002,240,88,328,275,0,0,0,0,328,275
122746,2002,1975,7328,9303,4435,0,0,0,0,9303,4435
122755,2002,16321,6461,22782,18928,3188,4380,7568,4772,30350,23700
122791,2002,2992,9362,12354,6135,0,0,0,0,12354,6135
122834,2002,259,,259,259,0,0,0,0,259,259
122843,2002,461,145,606,518,0,0,0,0,606,518
122852,2002,212,,212,212,0,0,0,0,212,212
122889,2002,5632,14087,19719,10362,0,0,0,0,19719,10362
122931,2002,4253,141,4394,4308,1516,1901,3417,2253,7811,6561
122977,2002,9828,19863,29691,16497,0,0,0,0,29691,16497
123013,2002,7365,19862,27227,14033,0,0,0,0,27227,14033
123095,2002,,,0,0,511,5,516,513,516,513
123165,2002,823,7,830,826,11,1,12,11,842,837
123208,2002,1039,,1039,1039,0,0,0,0,1039,1039
123217,2002,4392,7342,11734,6857,0,0,0,0,11734,6857
123280,2002,70,14,84,75,19,75,94,48,178,123
123299,2002,3817,6605,10422,6035,0,0,0,0,10422,6035
123341,2002,5918,13462,19380,10438,0,0,0,0,19380,10438
123350,2002,50,8,58,53,0,0,0,0,58,53
123396,2002,114,,114,114,0,0,0,0,114,114
123448,2002,,,0,0,93,63,156,127,156,127
123457,2002,1004,27,1031,1015,105,129,234,154,1265,1169
123484,2002,983,1702,2685,1554,0,0,0,0,2685,1554
123493,2002,2347,830,3177,2626,0,0,0,0,3177,2626
123509,2002,2413,7195,9608,4829,0,0,0,0,9608,4829
123527,2002,3944,9843,13787,7249,0,0,0,0,13787,7249
123554,2002,2508,893,3401,2859,485,556,1041,697,4442,3556
123563,2002,3352,7840,11192,5984,0,0,0,0,11192,5984
123572,2002,5773,1101,6874,6217,715,630,1345,943,8219,7160
123581,2002,99,,99,99,0,0,0,0,99,99
123633,2002,230,,230,230,69,55,124,90,354,320
123642,2002,177,184,361,250,0,0,0,0,361,250
123651,2002,1241,361,1602,1383,120,193,313,194,1915,1577
123679,2002,660,,660,660,0,0,0,0,660,660
123800,2002,6318,13087,19405,10712,0,0,0,0,19405,10712
123855,2002,,,0,0,72,5,77,74,77,74
123916,2002,,,0,0,68,0,68,68,68,68
123943,2002,,,0,0,379,0,379,379,379,379
123952,2002,19,,19,19,249,3,252,250,271,269
123961,2002,15520,625,16145,15766,10843,3694,14537,12254,30682,28020
123970,2002,,,0,0,666,288,954,823,954,823
124113,2002,700,7352,8052,3168,0,0,0,0,8052,3168
124283,2002,,,0,0,256,217,473,349,473,349
124292,2002,330,,330,330,0,0,0,0,330,330
124344,2002,22,2,24,23,0,0,0,0,24,23
124399,2002,205,,205,205,0,0,0,0,205,205
124432,2002,49,,49,49,0,0,0,0,49,49
124487,2002,73,136,209,126,0,0,0,0,209,126
124681,2002,1914,,1914,1914,0,0,0,0,1914,1914
124706,2002,775,,775,775,0,0,0,0,775,775
124779,2002,52,,52,52,0,0,0,0,52,52
124919,2002,28,,28,28,0,0,0,0,28,28
124937,2002,673,,673,673,0,0,0,0,673,673
125028,2002,3990,8743,12733,6925,0,0,0,0,12733,6925
125082,2002,93,,93,93,0,0,0,0,93,93
125091,2002,3503,7234,10737,5932,0,0,0,0,10737,5932
125170,2002,785,3480,4265,1953,0,0,0,0,4265,1953
125231,2002,,,0,0,4048,517,4565,4246,4565,4246
125462,2002,1762,2822,4584,2709,0,0,0,0,4584,2709
125471,2002,2156,8016,10172,4847,0,0,0,0,10172,4847
125480,2002,4,58,62,27,44,250,294,180,356,207
125499,2002,3598,7932,11530,6261,0,0,0,0,11530,6261
125505,2002,6666,,6666,6666,0,0,0,0,6666,6666
125532,2002,704,,704,704,0,0,0,0,704,704
125718,2002,,,0,0,79,32,111,93,111,93
125727,2002,1312,11,1323,1316,7,0,7,7,1330,1323
125763,2002,1177,29,1206,1188,465,470,935,698,2141,1886
125897,2002,880,302,1182,999,34,144,178,89,1360,1088
126012,2002,,,0,0,289,0,289,289,289,289
126030,2002,,,0,0,449,40,489,471,489,471
126049,2002,,,0,0,491,200,691,567,691,567
126076,2002,109,,109,109,0,0,0,0,109,109
126119,2002,3699,6390,10089,5844,0,0,0,0,10089,5844
126164,2002,56,16,72,62,0,0,0,0,72,62
126182,2002,1699,521,2220,1909,281,5207,5488,2164,7708,4073
126207,2002,2324,4757,7081,3921,0,0,0,0,7081,3921
126261,2002,36,43,79,53,0,0,0,0,79,53
126289,2002,2246,5602,7848,4127,0,0,0,0,7848,4127
126359,2002,665,25,690,675,0,0,0,0,690,675
126401,2002,308,276,584,418,0,0,0,0,584,418
126410,2002,214,,214,214,0,0,0,0,214,214
126562,2002,4823,4080,8903,6469,1825,4868,6693,3586,15596,10055
126571,2002,412,25,437,422,1228,1159,2387,1690,2824,2112
126580,2002,4372,1423,5795,4946,433,2112,2545,1197,8340,6143
126605,2002,1052,,1052,1052,0,0,0,0,1052,1052
126614,2002,22849,2553,25402,23879,2106,3907,6013,3520,31415,27399
126669,2002,1236,455,1691,1415,105,5,110,107,1801,1522
126678,2002,1866,36,1902,1880,28,0,28,28,1930,1908
126687,2002,616,,616,616,0,0,0,0,616,616
126702,2002,1633,536,2169,1844,0,0,0,0,2169,1844
126711,2002,1294,5523,6817,3148,0,0,0,0,6817,3148
126748,2002,473,1579,2052,1003,0,0,0,0,2052,1003
126775,2002,2423,146,2569,2482,463,755,1218,736,3787,3218
126784,2002,84,,84,84,0,0,0,0,84,84
126818,2002,18996,2888,21884,20161,2499,4872,7371,4261,29255,24422
126827,2002,335,962,1297,713,330,143,473,385,1770,1098
126854,2002,94,,94,94,0,0,0,0,94,94
126863,2002,1363,3734,5097,2617,0,0,0,0,5097,2617
126872,2002,392,,392,392,0,0,0,0,392,392
126915,2002,161,1090,1251,594,0,0,0,0,1251,594
126924,2002,247,,247,247,0,0,0,0,247,247
126942,2002,2134,5790,7924,4078,0,0,0,0,7924,4078
126951,2002,751,,751,751,0,0,0,0,751,751
126979,2002,,,0,0,280,528,808,499,808,499
127024,2002,852,256,1108,953,18,0,18,18,1126,971
127042,2002,31,115,146,76,0,0,0,0,146,76
127060,2002,3806,451,4257,3983,2839,2133,4972,3662,9229,7645
127158,2002,4323,8804,13127,7279,0,0,0,0,13127,7279
127185,2002,4028,321,4349,4158,0,0,0,0,4349,4158
127200,2002,4643,9956,14599,7986,0,0,0,0,14599,7986
127219,2002,17,5,22,19,0,0,0,0,22,19
127228,2002,108,,108,108,0,0,0,0,108,108
127273,2002,,,0,0,154,179,333,230,333,230
127316,2002,70,29,99,82,0,0,0,0,99,82
127389,2002,542,629,1171,753,0,0,0,0,1171,753
127556,2002,4164,1349,5513,4708,11,48,59,28,5572,4736
127565,2002,11252,8161,19413,14545,0,0,0,0,19413,14545
127617,2002,333,1294,1627,767,0,0,0,0,1627,767
127653,2002,364,57,421,386,455,244,699,548,1120,934
127680,2002,124,116,240,170,0,0,0,0,240,170
127699,2002,72,82,154,104,0,0,0,0,154,104
127714,2002,216,333,549,347,0,0,0,0,549,347
127732,2002,917,2711,3628,1827,0,0,0,0,3628,1827
127741,2002,9266,945,10211,9647,1031,1192,2223,1462,12434,11109
127778,2002,816,731,1547,1061,0,0,0,0,1547,1061
127787,2002,504,410,914,667,0,0,0,0,914,667
127820,2002,3460,6984,10444,5805,0,0,0,0,10444,5805
127839,2002,319,,319,319,0,0,0,0,319,319
127884,2002,1884,3246,5130,2974,0,0,0,0,5130,2974
127909,2002,2144,5245,7389,3905,0,0,0,0,7389,3905
127918,2002,2030,3919,5949,3570,493,5005,5498,2405,11447,5975
127945,2002,354,87,441,388,0,0,0,0,441,388
127954,2002,75,,75,75,25,0,25,25,100,100
128036,2002,243,878,1121,592,0,0,0,0,1121,592
128106,2002,3364,1999,5363,4171,64,740,804,332,6167,4503
128151,2002,478,310,788,601,0,0,0,0,788,601
128179,2002,,477,477,189,0,0,0,0,477,189
128188,2002,160,,160,160,0,0,0,0,160,160
128203,2002,101,,101,101,0,0,0,0,101,101
128258,2002,992,1204,2196,1396,0,0,0,0,2196,1396
128328,2002,4213,,4213,4213,0,0,0,0,4213,4213
128337,2002,107,,107,107,0,0,0,0,107,107
128391,2002,2168,162,2330,2233,0,0,0,0,2330,2233
128425,2002,25,,25,25,0,0,0,0,25,25
128498,2002,1711,126,1837,1760,330,158,488,390,2325,2150
128540,2002,24,50,74,44,0,0,0,0,74,44
128577,2002,434,1290,1724,867,0,0,0,0,1724,867
128586,2002,61,,61,61,0,0,0,0,61,61
128674,2002,216,166,382,282,0,0,0,0,382,282
128683,2002,364,202,566,444,0,0,0,0,566,444
128726,2002,112,54,166,133,0,0,0,0,166,133
128744,2002,834,266,1100,938,1022,1051,2073,1424,3173,2362
128762,2002,159,,159,159,0,0,0,0,159,159
128771,2002,6940,2854,9794,8092,510,2338,2848,1356,12642,9448
128780,2002,,1561,1561,630,0,0,0,0,1561,630
128896,2002,,306,306,121,0,0,0,0,306,121
128902,2002,1797,93,1890,1834,10,12,22,15,1912,1849
128957,2002,77,144,221,134,0,0,0,0,221,134
129002,2002,118,,118,118,0,0,0,0,118,118
129020,2002,13767,949,14716,14150,3654,3057,6711,4811,21427,18961
129154,2002,409,267,676,515,0,0,0,0,676,515
129181,2002,159,43,202,176,0,0,0,0,202,176
129215,2002,3631,1238,4869,4131,30,316,346,144,5215,4275
129242,2002,3387,686,4073,3656,192,849,1041,516,5114,4172
129349,2002,68,38,106,83,0,0,0,0,106,83
129367,2002,793,2683,3476,1694,0,0,0,0,3476,1694
129428,2002,,,0,0,62,1379,1441,589,1441,589
129446,2002,36,22,58,45,0,0,0,0,58,45
129482,2002,207,,207,207,0,0,0,0,207,207
129491,2002,,,0,0,11,142,153,65,153,65
129525,2002,4400,1142,5542,4849,535,921,1456,887,6998,5736
129534,2002,14,18,32,21,50,121,171,96,203,117
129543,2002,1215,3300,4515,2323,0,0,0,0,4515,2323
129613,2002,626,116,742,672,0,0,0,0,742,672
129640,2002,50,,50,50,0,0,0,0,50,50
129686,2002,71,89,160,106,0,0,0,0,160,106
129695,2002,2117,3444,5561,3273,0,0,0,0,5561,3273
129729,2002,1904,3411,5315,3049,0,0,0,0,5315,3049
129756,2002,704,1736,2440,1287,0,0,0,0,2440,1287
129774,2002,601,123,724,649,0,0,0,0,724,649
129808,2002,1014,2610,3624,1890,0,0,0,0,3624,1890
129880,2002,18,27,45,29,0,0,0,0,45,29
129923,2002,247,,247,247,0,0,0,0,247,247
129932,2002,203,8,211,206,0,0,0,0,211,206
129941,2002,1818,728,2546,2104,806,977,1783,1179,4329,3283
129969,2002,106,,106,106,0,0,0,0,106,106
130004,2002,1802,3915,5717,3116,0,0,0,0,5717,3116
130040,2002,478,1155,1633,866,0,0,0,0,1633,866
130110,2002,174,118,292,220,0,0,0,0,292,220
130129,2002,26,59,85,49,0,0,0,0,85,49
130174,2002,499,276,775,609,0,0,0,0,775,609
130183,2002,625,753,1378,921,0,0,0,0,1378,921
130217,2002,487,1014,1501,827,0,0,0,0,1501,827
130226,2002,4918,399,5317,5075,1010,624,1634,1283,6951,6358
130253,2002,2975,1232,4207,3459,456,1365,1821,978,6028,4437
130271,2002,15,,15,15,0,0,0,0,15,15
130314,2002,796,373,1169,943,116,493,609,304,1778,1247
130396,2002,1522,3806,5328,2800,0,0,0,0,5328,2800
130448,2002,49,291,340,165,0,0,0,0,340,165
130493,2002,6277,2014,8291,7090,884,3044,3928,1985,12219,9075
130509,2002,181,66,247,207,0,0,0,0,247,207
130581,2002,,,0,0,139,0,139,139,139,139
130590,2002,1912,211,2123,1995,9,191,200,82,2323,2077
130606,2002,1245,2790,4035,2182,0,0,0,0,4035,2182
130624,2002,952,,952,952,0,0,0,0,952,952
130697,2002,2716,17,2733,2723,191,268,459,293,3192,3016
130776,2002,3722,1552,5274,4348,44,732,776,309,6050,4657
130785,2002,,,0,0,12,0,12,12,12,12
130794,2002,5274,65,5339,5300,5905,134,6039,5961,11378,11261
130837,2002,48,,48,48,0,0,0,0,48,48
130873,2002,123,5,128,125,0,0,0,0,128,125
130891,2002,1492,2073,3565,2188,0,0,0,0,3565,2188
130907,2002,754,1477,2231,1250,0,0,0,0,2231,1250
130916,2002,2724,4168,6892,4123,0,0,0,0,6892,4123
130934,2002,2589,560,3149,2815,96,122,218,140,3367,2955
130943,2002,15333,2766,18099,16449,2346,844,3190,2651,21289,19100
130989,2002,743,383,1126,893,32,212,244,113,1370,1006
131061,2002,81,27,108,92,0,0,0,0,108,92
131098,2002,1843,291,2134,1957,49,84,133,81,2267,2038
131113,2002,1758,2576,4334,2770,502,1761,2263,1175,6597,3945
131159,2002,5419,453,5872,5597,2749,2431,5180,3729,11052,9326
131283,2002,2467,201,2668,2546,1363,1496,2859,1982,5527,4528
131308,2002,337,351,688,475,0,0,0,0,688,475
131399,2002,1803,3377,5180,3166,80,208,288,155,5468,3321
131405,2002,,,0,0,52,28,80,63,80,63
131450,2002,1121,53,1174,1142,302,98,400,339,1574,1481
131469,2002,8954,1374,10328,9494,5635,7056,12691,8371,23019,17865
131496,2002,6117,215,6332,6201,5420,1104,6524,5858,12856,12059
131511,2002,95,,95,95,0,0,0,0,95,95
131520,2002,6454,438,6892,6626,2983,642,3625,3240,10517,9866
131566,2002,23,103,126,64,0,0,0,0,126,64
131742,2002,1208,,1208,1208,0,0,0,0,1208,1208
131788,2002,162,432,594,332,176,216,392,259,986,591
131803,2002,2440,10957,13397,6745,2302,757,3059,2591,16456,9336
131830,2002,34,,34,34,0,0,0,0,34,34
131876,2002,634,416,1050,797,72,523,595,272,1645,1069
131973,2002,,,0,0,139,320,459,297,459,297
132268,2002,164,,164,164,0,0,0,0,164,164
132338,2002,2180,1374,3554,2720,0,0,0,0,3554,2720
132374,2002,1097,,1097,1097,0,0,0,0,1097,1097
132408,2002,455,117,572,501,0,0,0,0,572,501
132471,2002,3042,2580,5622,4056,1288,1559,2847,1893,8469,5949
132523,2002,,,0,0,32,0,32,32,32,32
132602,2002,2431,153,2584,2491,0,0,0,0,2584,2491
132657,2002,1586,282,1868,1697,42,200,242,118,2110,1815
132666,2002,2,79,81,33,0,0,0,0,81,33
132675,2002,39,19,58,47,0,0,0,0,58,47
132693,2002,4871,9426,14297,8036,0,0,0,0,14297,8036
132709,2002,9716,20780,30496,16693,0,0,0,0,30496,16693
132806,2002,305,,305,305,0,0,0,0,305,305
132842,2002,126,143,269,182,418,28,446,429,715,611
132851,2002,2340,3838,6178,3629,0,0,0,0,6178,3629
132879,2002,181,49,230,200,0,0,0,0,230,200
132903,2002,23783,8437,32220,27188,2508,3773,6281,3873,38501,31061
132976,2002,563,270,833,654,0,0,0,0,833,654
133021,2002,951,1066,2017,1309,0,0,0,0,2017,1309
133085,2002,664,25,689,674,0,0,0,0,689,674
133155,2002,733,175,908,802,0,0,0,0,908,802
133261,2002,203,115,318,249,0,0,0,0,318,249
133386,2002,4387,7269,11656,6827,0,0,0,0,11656,6827
133465,2002,301,127,428,351,0,0,0,0,428,351
133492,2002,1576,28,1604,1587,0,0,0,0,1604,1587
133508,2002,3640,6100,9740,5688,0,0,0,0,9740,5688
133526,2002,1247,35,1282,1261,0,0,0,0,1282,1261
133553,2002,4079,406,4485,4238,113,174,287,179,4772,4417
133650,2002,9559,1244,10803,10061,1263,398,1661,1410,12464,11471
133669,2002,10476,9139,19615,14164,1382,2708,4090,2361,23705,16525
133702,2002,7243,16368,23611,12738,0,0,0,0,23611,12738
133711,2002,1921,52,1973,1941,0,0,0,0,1973,1941
133739,2002,289,,289,289,0,0,0,0,289,289
133809,2002,438,22,460,447,0,0,0,0,460,447
133845,2002,654,,654,654,0,0,0,0,654,654
133854,2002,816,,816,816,0,0,0,0,816,816
133863,2002,745,,745,745,0,0,0,0,745,745
133872,2002,521,532,1053,730,0,0,0,0,1053,730
133881,2002,2041,127,2168,2091,595,1743,2338,1261,4506,3352
133942,2002,46,,46,46,0,0,0,0,46,46
133951,2002,15794,11359,27153,20378,2606,3590,6196,3905,33349,24283
133960,2002,329,1156,1485,717,0,0,0,0,1485,717
133979,2002,2045,276,2321,2153,0,0,0,0,2321,2153
133997,2002,816,9,825,820,0,0,0,0,825,820
134079,2002,1802,716,2518,2083,0,51,51,19,2569,2102
134097,2002,25379,3816,29195,26919,4521,2494,7015,5426,36210,32345
134112,2002,677,,677,677,0,0,0,0,677,677
134121,2002,189,,189,189,0,0,0,0,189,189
134130,2002,30354,3677,34031,31838,10358,2984,13342,11556,47373,43394
134149,2002,1027,738,1765,1317,23,81,104,54,1869,1371
134228,2002,18,,18,18,0,0,0,0,18,18
134237,2002,3666,10,3676,3670,0,0,0,0,3676,3670
134291,2002,442,253,695,527,0,0,0,0,695,527
134307,2002,174,209,383,244,0,0,0,0,383,244
134343,2002,2138,4420,6558,3622,0,0,0,0,6558,3622
134422,2002,136,,136,136,0,0,0,0,136,136
134495,2002,6326,14328,20654,11136,0,0,0,0,20654,11136
134510,2002,100,23,123,109,0,0,0,0,123,109
134574,2002,160,90,250,196,0,0,0,0,250,196
134608,2002,3505,9539,13044,6708,0,0,0,0,13044,6708
134680,2002,1388,655,2043,1645,0,0,0,0,2043,1645
134714,2002,53,81,134,85,0,0,0,0,134,85
134811,2002,1054,86,1140,1088,31,1,32,31,1172,1119
134875,2002,244,,244,244,0,0,0,0,244,244
134909,2002,472,62,534,496,0,0,0,0,534,496
134945,2002,1889,704,2593,2166,88,306,394,205,2987,2371
135063,2002,205,436,641,376,0,0,0,0,641,376
135081,2002,2804,799,3603,3118,0,0,0,0,3603,3118
135124,2002,168,,168,168,0,0,0,0,168,168
135142,2002,65,351,416,204,0,0,0,0,416,204
135160,2002,1089,1457,2546,1578,0,0,0,0,2546,1578
135179,2002,536,156,692,588,0,0,0,0,692,588
135188,2002,985,2209,3194,1727,0,0,0,0,3194,1727
135267,2002,416,500,916,584,0,0,0,0,916,584
135276,2002,592,413,1005,731,0,0,0,0,1005,731
135294,2002,549,882,1431,845,0,0,0,0,1431,845
135337,2002,107,94,201,144,0,0,0,0,201,144
135364,2002,115,291,406,229,268,595,863,516,1269,745
135391,2002,3564,4761,8325,5162,0,0,0,0,8325,5162
135407,2002,3186,507,3693,3356,0,0,0,0,3693,3356
135416,2002,223,,223,223,0,0,0,0,223,223
135434,2002,506,162,668,570,0,0,0,0,668,570
135522,2002,546,260,806,633,0,0,0,0,806,633
135610,2002,132,89,221,167,31,57,88,53,309,220
135647,2002,562,802,1364,831,0,0,0,0,1364,831
135717,2002,19452,35474,54926,31362,0,0,0,0,54926,31362
135726,2002,8943,851,9794,9277,4291,893,5184,4646,14978,13923
135735,2002,1144,1100,2244,1513,0,0,0,0,2244,1513
135771,2002,655,,655,655,0,0,0,0,655,655
135939,2002,764,,764,764,0,0,0,0,764,764
135957,2002,1166,,1166,1166,0,0,0,0,1166,1166
136011,2002,1295,,1295,1295,0,0,0,0,1295,1295
136048,2002,155,100,255,195,0,0,0,0,255,195
136066,2002,1317,,1317,1317,0,0,0,0,1317,1317
136075,2002,178,,178,178,0,0,0,0,178,178
136109,2002,50,,50,50,0,0,0,0,50,50
136145,2002,563,682,1245,792,0,0,0,0,1245,792
136172,2002,7741,3877,11618,9306,537,1315,1852,1013,13470,10319
136206,2002,752,186,938,825,0,0,0,0,938,825
136215,2002,2782,1918,4700,3535,6790,10129,16919,10702,21619,14237
136233,2002,2341,4575,6916,3877,0,0,0,0,6916,3877
136288,2002,721,643,1364,974,13,67,80,39,1444,1013
136303,2002,294,207,501,376,0,0,0,0,501,376
136330,2002,2117,206,2323,2198,287,174,461,353,2784,2551
136358,2002,6629,15534,22163,11844,0,0,0,0,22163,11844
136400,2002,2120,4355,6475,3582,0,0,0,0,6475,3582
136473,2002,4487,6059,10546,6521,0,0,0,0,10546,6521
136491,2002,665,441,1106,813,0,0,0,0,1106,813
136516,2002,1901,4499,6400,3411,0,0,0,0,6400,3411
136631,2002,68,,68,68,0,0,0,0,68,68
136659,2002,149,138,287,195,0,0,0,0,287,195
136701,2002,,,0,0,83,6,89,85,89,85
136738,2002,319,,319,319,0,0,0,0,319,319
136747,2002,134,,134,134,0,0,0,0,134,134
136765,2002,511,407,918,648,0,0,0,0,918,648
136774,2002,1002,13,1015,1007,0,0,0,0,1015,1007
136783,2002,58,6,64,60,0,0,0,0,64,60
136826,2002,653,417,1070,793,0,0,0,0,1070,793
136950,2002,2532,521,3053,2737,232,550,782,442,3835,3179
136996,2002,50,,50,50,0,0,0,0,50,50
137023,2002,357,492,849,522,0,0,0,0,849,522
137032,2002,6046,4324,10370,7745,271,73,344,299,10714,8044
137078,2002,7067,15757,22824,13426,0,0,0,0,22824,13426
137087,2002,654,1533,2187,1169,0,0,0,0,2187,1169
137096,2002,6560,7246,13806,8993,0,0,0,0,13806,8993
137120,2002,250,9,259,253,0,0,0,0,259,253
137148,2002,20,18,38,27,757,628,1385,997,1423,1024
137209,2002,4160,7127,11287,6553,0,0,0,0,11287,6553
137245,2002,1846,,1846,1846,0,0,0,0,1846,1846
137272,2002,58,3,61,59,2,0,2,2,63,61
137281,2002,1440,3363,4803,2569,0,0,0,0,4803,2569
137315,2002,913,1568,2481,1439,0,0,0,0,2481,1439
137351,2002,19623,10363,29986,23805,3671,5197,8868,5551,38854,29356
137421,2002,24,7,31,27,0,0,0,0,31,27
137476,2002,1065,140,1205,1120,688,472,1160,869,2365,1989
137537,2002,218,175,393,287,0,0,0,0,393,287
137546,2002,2063,79,2142,2094,797,379,1176,958,3318,3052
137564,2002,1372,86,1458,1406,0,0,0,0,1458,1406
137591,2002,139,,139,139,0,0,0,0,139,139
137625,2002,57,,57,57,0,0,0,0,57,57
137713,2002,64,42,106,78,0,0,0,0,106,78
137759,2002,5439,6227,11666,7530,0,0,0,0,11666,7530
137777,2002,31,,31,31,9,0,9,9,40,40
137801,2002,595,614,1209,836,38,69,107,64,1316,900
137810,2002,428,629,1057,675,22,122,144,69,1201,744
137847,2002,3264,466,3730,3447,178,356,534,314,4264,3761
137856,2002,235,150,385,285,0,0,0,0,385,285
137865,2002,240,133,373,285,0,0,0,0,373,285
137892,2002,589,,589,589,0,0,0,0,589,589
137953,2002,339,52,391,359,0,0,0,0,391,359
137962,2002,111,61,172,135,0,0,0,0,172,135
138132,2002,44,25,69,54,0,0,0,0,69,54
138187,2002,11150,18365,29515,17316,0,0,0,0,29515,17316
138275,2002,920,167,1087,986,45,0,45,45,1132,1031
138284,2002,255,379,634,382,0,0,0,0,634,382
138293,2002,459,61,520,483,44,16,60,50,580,533
138309,2002,391,,391,391,0,0,0,0,391,391
138336,2002,255,,255,255,0,0,0,0,255,255
138354,2002,5293,2302,7595,6222,396,1194,1590,828,9185,7050
138372,2002,425,520,945,631,0,0,0,0,945,631
138479,2002,1127,,1127,1127,0,0,0,0,1127,1127
138488,2002,200,583,783,396,0,0,0,0,783,396
138497,2002,336,233,569,414,0,0,0,0,569,414
138558,2002,1867,1165,3032,2258,0,0,0,0,3032,2258
138594,2002,668,,668,668,0,0,0,0,668,668
138600,2002,838,26,864,848,11,11,22,15,886,863
138655,2002,152,60,212,176,0,0,0,0,212,176
138664,2002,46,4,50,48,0,0,0,0,50,48
138682,2002,1482,1612,3094,2023,0,0,0,0,3094,2023
138691,2002,1561,1796,3357,2164,0,0,0,0,3357,2164
138716,2002,2521,499,3020,2722,129,408,537,277,3557,2999
138725,2002,1916,462,2378,2097,383,0,383,383,2761,2480
138761,2002,373,20,393,381,0,0,0,0,393,381
138789,2002,3040,2173,5213,3917,258,555,813,459,6026,4376
138813,2002,2286,287,2573,2399,0,0,0,0,2573,2399
138822,2002,169,,169,169,0,0,0,0,169,169
138840,2002,1550,1741,3291,2135,0,0,0,0,3291,2135
138868,2002,318,72,390,346,0,0,0,0,390,346
138877,2002,320,19,339,327,0,0,0,0,339,327
138901,2002,824,1171,1995,1217,0,0,0,0,1995,1217
138938,2002,119,113,232,164,0,0,0,0,232,164
138947,2002,3714,150,3864,3773,469,480,949,652,4813,4425
138956,2002,1976,2039,4015,2661,0,0,0,0,4015,2661
138983,2002,3284,1757,5041,3993,251,592,843,465,5884,4458
139010,2002,703,1342,2045,1154,0,0,0,0,2045,1154
139074,2002,775,285,1060,888,0,0,0,0,1060,888
139092,2002,67,,67,67,0,0,0,0,67,67
139126,2002,720,701,1421,955,0,0,0,0,1421,955
139144,2002,1861,37,1898,1876,24,131,155,74,2053,1950
139153,2002,256,364,620,399,0,0,0,0,620,399
139199,2002,964,404,1368,1123,225,520,745,424,2113,1547
139205,2002,963,306,1269,1083,0,0,0,0,1269,1083
139214,2002,47,85,132,81,0,0,0,0,132,81
139250,2002,729,1666,2395,1288,0,0,0,0,2395,1288
139278,2002,657,1273,1930,1084,0,0,0,0,1930,1084
139311,2002,2425,2787,5212,3550,0,0,0,0,5212,3550
139348,2002,,,0,0,227,52,279,249,279,249
139357,2002,1421,1591,3012,1955,0,0,0,0,3012,1955
139366,2002,3571,1744,5315,4275,268,663,931,508,6246,4783
139384,2002,1086,1579,2665,1616,0,0,0,0,2665,1616
139393,2002,1127,15,1142,1133,39,15,54,45,1196,1178
139463,2002,1675,2460,4135,2668,0,0,0,0,4135,2668
139506,2002,82,5,87,84,0,0,0,0,87,84
139533,2002,3031,904,3935,3386,556,663,1219,809,5154,4195
139579,2002,424,123,547,472,28,0,28,28,575,500
139621,2002,908,591,1499,1106,0,0,0,0,1499,1106
139630,2002,672,94,766,709,0,0,0,0,766,709
139658,2002,6180,105,6285,6221,4581,734,5315,4877,11600,11098
139700,2002,1447,1416,2863,1922,0,0,0,0,2863,1922
139719,2002,1905,288,2193,2021,76,177,253,140,2446,2161
139746,2002,86,,86,86,0,0,0,0,86,86
139755,2002,10486,970,11456,10877,4155,870,5025,4470,16481,15347
139764,2002,1517,583,2100,1752,87,320,407,203,2507,1955
139773,2002,2257,1902,4159,2896,0,0,0,0,4159,2896
139861,2002,3756,688,4444,4034,240,829,1069,540,5513,4574
139898,2002,1429,,1429,1429,0,0,0,0,1429,1429
139904,2002,2093,1425,3518,2571,0,0,0,0,3518,2571
139931,2002,11915,1439,13354,12496,470,1251,1721,922,15075,13418
139940,2002,13072,6577,19649,15726,4099,3714,7813,5485,27462,21211
139959,2002,22434,2549,24983,23463,5631,2327,7958,6482,32941,29945
139968,2002,2183,933,3116,2496,0,0,0,0,3116,2496
139986,2002,1330,2871,4201,2294,0,0,0,0,4201,2294
139995,2002,253,,253,253,0,0,0,0,253,253
140003,2002,174,132,306,226,0,0,0,0,306,226
140012,2002,1976,2546,4522,2831,0,0,0,0,4522,2831
140076,2002,482,931,1413,795,0,0,0,0,1413,795
140085,2002,1280,1312,2592,1720,0,0,0,0,2592,1720
140146,2002,,,0,0,288,194,482,383,482,383
140164,2002,8575,5318,13893,10721,600,1157,1757,1018,15650,11739
140191,2002,226,14,240,232,0,0,0,0,240,232
140234,2002,830,137,967,884,37,12,49,42,1016,926
140243,2002,977,1801,2778,1582,0,0,0,0,2778,1582
140252,2002,491,139,630,546,922,454,1376,1164,2006,1710
140304,2002,2547,2871,5418,3511,0,0,0,0,5418,3511
140322,2002,1995,2996,4991,3204,0,0,0,0,4991,3204
140331,2002,1798,3027,4825,2814,0,0,0,0,4825,2814
140340,2002,223,65,288,249,0,0,0,0,288,249
140401,2002,656,61,717,681,1635,101,1736,1675,2453,2356
140447,2002,3906,767,4673,4207,1714,938,2652,2085,7325,6292
140483,2002,1363,850,2213,1648,0,0,0,0,2213,1648
140553,2002,2523,215,2738,2607,0,0,0,0,2738,2607
140562,2002,,,0,0,213,15,228,219,228,219
140571,2002,2324,177,2501,2394,0,0,0,0,2501,2394
140599,2002,799,918,1717,1107,0,0,0,0,1717,1107
140669,2002,2956,722,3678,3247,114,383,497,253,4175,3500
140678,2002,949,819,1768,1224,0,0,0,0,1768,1224
140696,2002,820,217,1037,905,27,51,78,46,1115,951
140711,2002,48,,48,48,0,0,0,0,48,48
140720,2002,769,111,880,813,0,0,0,0,880,813
140809,2002,375,761,1136,630,0,0,0,0,1136,630
140818,2002,779,131,910,830,381,707,1088,651,1998,1481
140827,2002,227,,227,227,0,0,0,0,227,227
140872,2002,911,190,1101,986,0,0,0,0,1101,986
140942,2002,1506,1930,3436,2154,0,0,0,0,3436,2154
140951,2002,4580,475,5055,4767,630,107,737,671,5792,5438
140960,2002,1753,634,2387,2009,67,75,142,94,2529,2103
140988,2002,2150,39,2189,2165,73,0,73,73,2262,2238
140997,2002,755,606,1361,958,0,0,0,0,1361,958
141006,2002,905,843,1748,1188,0,0,0,0,1748,1188
141015,2002,180,14,194,186,0,0,0,0,194,186
141060,2002,2053,68,2121,2080,0,0,0,0,2121,2080
141097,2002,1915,1169,3084,2387,204,395,599,347,3683,2734
141121,2002,301,527,828,478,0,0,0,0,828,478
141158,2002,518,639,1157,733,0,0,0,0,1157,733
141167,2002,491,162,653,555,20,61,81,43,734,598
141185,2002,779,85,864,812,0,0,0,0,864,812
141228,2002,750,952,1702,1070,0,0,0,0,1702,1070
141237,2002,1141,197,1338,1219,0,0,0,0,1338,1219
141255,2002,1250,1167,2417,1642,0,0,0,0,2417,1642
141264,2002,6676,1683,8359,7355,365,1176,1541,790,9900,8145
141273,2002,697,1089,1786,1063,0,0,0,0,1786,1063
141307,2002,356,544,900,539,0,0,0,0,900,539
141325,2002,561,123,684,609,42,12,54,47,738,656
141334,2002,6374,1287,7661,6893,372,1640,2012,965,9673,7858
141361,2002,544,32,576,557,0,0,0,0,576,557
141468,2002,1018,229,1247,1109,0,0,0,0,1247,1109
141486,2002,1331,864,2195,1670,394,211,605,475,2800,2145
141565,2002,2341,563,2904,2568,41,95,136,75,3040,2643
141574,2002,10910,1910,12820,11681,2819,3057,5876,3928,18696,15609
141583,2002,366,48,414,385,0,0,0,0,414,385
141608,2002,61,,61,61,0,0,0,0,61,61
141644,2002,4135,2764,6899,5221,684,554,1238,896,8137,6117
141671,2002,79,,79,79,0,0,0,0,79,79
141680,2002,1724,2754,4478,2649,0,0,0,0,4478,2649
141796,2002,2905,4136,7041,4294,0,0,0,0,7041,4294
141802,2002,460,764,1224,717,0,0,0,0,1224,717
141811,2002,2775,3143,5918,3830,0,0,0,0,5918,3830
141839,2002,1087,1902,2989,1726,0,0,0,0,2989,1726
141848,2002,115,,115,115,0,0,0,0,115,115
141857,2002,114,76,190,144,0,0,0,0,190,144
141936,2002,,,0,0,66,0,66,66,66,66
141945,2002,208,,208,208,0,0,0,0,208,208
141981,2002,307,527,834,520,0,0,0,0,834,520
141990,2002,843,918,1761,1151,0,0,0,0,1761,1151
142054,2002,301,,301,301,0,0,0,0,301,301
142090,2002,111,23,134,120,0,0,0,0,134,120
142115,2002,9791,6035,15826,12226,428,1383,1811,928,17637,13154
142124,2002,64,,64,64,0,0,0,0,64,64
142179,2002,356,346,702,472,0,0,0,0,702,472
142276,2002,7786,3544,11330,9216,922,1098,2020,1323,13350,10539
142285,2002,8151,1085,9236,8589,1426,1762,3188,2066,12424,10655
142294,2002,812,29,841,823,12,1,13,12,854,835
142328,2002,2117,991,3108,2517,0,0,0,0,3108,2517
142337,2002,311,44,355,328,0,0,0,0,355,328
142407,2002,38,,38,38,0,0,0,0,38,38
142416,2002,48,,48,48,0,0,0,0,48,48
142443,2002,2559,1663,4222,3117,0,0,0,0,4222,3117
142461,2002,1077,76,1153,1107,218,99,317,256,1470,1363
142489,2002,48,,48,48,0,0,0,0,48,48
142522,2002,9910,791,10701,10221,0,0,0,0,10701,10221
142559,2002,2840,3713,6553,4087,0,0,0,0,6553,4087
142832,2002,,,0,0,100,256,356,198,356,198
142869,2002,35,25,60,45,0,0,0,0,60,45
142878,2002,18,15,33,24,0,0,0,0,33,24
142887,2002,257,78,335,288,0,0,0,0,335,288
142957,2002,2,4,6,4,0,0,0,0,6,4
143048,2002,1691,456,2147,1870,468,83,551,500,2698,2370
143075,2002,524,,524,524,0,0,0,0,524,524
143084,2002,2237,24,2261,2246,0,0,0,0,2261,2246
143118,2002,1208,238,1446,1301,506,1364,1870,1027,3316,2328
143163,2002,215,86,301,249,20,15,35,26,336,275
143181,2002,28,,28,28,0,0,0,0,28,28
143215,2002,4652,8981,13633,7667,0,0,0,0,13633,7667
143233,2002,,,0,0,37,43,80,57,80,57
143279,2002,3069,3281,6350,4171,0,0,0,0,6350,4171
143288,2002,566,13,579,571,0,0,0,0,579,571
143297,2002,130,35,165,144,0,0,0,0,165,144
143303,2002,20,,20,20,0,0,0,0,20,20
143358,2002,4784,406,5190,4943,254,654,908,504,6098,5447
143376,2002,79,113,192,124,0,0,0,0,192,124
143464,2002,52,62,114,77,0,0,0,0,114,77
143473,2002,43,93,136,80,0,0,0,0,136,80
143482,2002,,129,129,51,0,0,0,0,129,51
143491,2002,13,292,305,129,0,0,0,0,305,129
143507,2002,,92,92,37,0,0,0,0,92,37
143516,2002,16,103,119,57,0,0,0,0,119,57
143534,2002,28,16,44,34,0,0,0,0,44,34
143543,2002,51,45,96,69,0,0,0,0,96,69
143552,2002,115,47,162,134,0,0,0,0,162,134
143613,2002,1433,2008,3441,2107,0,0,0,0,3441,2107
143659,2002,,,0,0,175,366,541,334,541,334
143695,2002,28,,28,28,0,0,0,0,28,28
143853,2002,203,,203,203,1311,71,1382,1348,1585,1551
143880,2002,55,161,216,119,0,0,0,0,216,119
143941,2002,,,0,0,22,29,51,33,51,33
143978,2002,,,0,0,379,79,458,409,458,409
144005,2002,3180,1799,4979,3906,341,1838,2179,1006,7158,4912
144014,2002,,,0,0,78,142,220,141,220,141
144050,2002,4191,45,4236,4209,6661,2280,8941,7533,13177,11742
144157,2002,3166,2696,5862,4071,0,0,0,0,5862,4071
144166,2002,3908,4421,8329,5392,0,0,0,0,8329,5392
144175,2002,2922,3331,6253,4040,0,0,0,0,6253,4040
144184,2002,2027,13253,15280,6477,0,0,0,0,15280,6477
144193,2002,3545,7109,10654,5932,0,0,0,0,10654,5932
144209,2002,3063,5130,8193,4785,0,0,0,0,8193,4785
144218,2002,2938,9211,12149,6030,0,0,0,0,12149,6030
144281,2002,7802,1455,9257,8374,301,245,546,395,9803,8769
144351,2002,1104,181,1285,1175,76,441,517,244,1802,1419
144467,2002,823,101,924,863,0,0,0,0,924,863
144485,2002,309,332,641,441,0,0,0,0,641,441
144564,2002,1200,1389,2589,1666,0,0,0,0,2589,1666
144573,2002,27,,27,27,0,0,0,0,27,27
144616,2002,21,4,25,23,0,0,0,0,25,23
144740,2002,10446,3897,14343,11977,4984,3900,8884,6514,23227,18491
144759,2002,5517,3758,9275,6993,1301,2468,3769,2244,13044,9237
144795,2002,41,,41,41,0,0,0,0,41,41
144838,2002,,,0,0,264,0,264,264,264,264
144856,2002,4,35,39,18,0,0,0,0,39,18
144865,2002,9760,20475,30235,16634,0,0,0,0,30235,16634
144883,2002,1091,22,1113,1100,0,0,0,0,1113,1100
144892,2002,8599,929,9528,8974,642,993,1635,1001,11163,9975
144944,2002,2748,7400,10148,5232,0,0,0,0,10148,5232
144962,2002,1955,385,2340,2106,0,150,150,57,2490,2163
144971,2002,505,50,555,525,0,0,0,0,555,525
145099,2002,89,,89,89,0,0,0,0,89,89
145239,2002,262,,262,262,0,0,0,0,262,262
145275,2002,,,0,0,173,163,336,244,336,244
145309,2002,35,,35,35,0,0,0,0,35,35
145336,2002,773,2015,2788,1586,485,2624,3109,1434,5897,3020
145354,2002,42,8,50,45,0,0,0,0,50,45
145372,2002,1159,47,1206,1177,7,26,33,17,1239,1194
145406,2002,32,105,137,74,0,0,0,0,137,74
145424,2002,14,106,120,56,0,0,0,0,120,56
145433,2002,41,69,110,68,0,0,0,0,110,68
145460,2002,433,554,987,651,0,0,0,0,987,651
145497,2002,250,9,259,254,7,0,7,7,266,261
145521,2002,1014,1500,2514,1518,0,0,0,0,2514,1518
145558,2002,6,2,8,7,1283,67,1350,1309,1358,1316
145600,2002,14656,1887,16543,15417,6468,3127,9595,7611,26138,23028
145619,2002,1417,627,2044,1663,164,601,765,394,2809,2057
145628,2002,,,0,0,617,1,618,618,618,618
145637,2002,27727,1220,28947,28219,8629,2423,11052,9516,39999,37735
145646,2002,2104,3,2107,2105,0,0,0,0,2107,2105
145682,2002,4460,7008,11468,6813,0,0,0,0,11468,6813
145691,2002,936,27,963,947,0,0,0,0,963,947
145707,2002,732,899,1631,1034,0,0,0,0,1631,1034
145725,2002,1544,361,1905,1686,2345,1949,4294,3130,6199,4816
145761,2002,3,11,14,7,0,0,0,0,14,7
145770,2002,8,6,14,10,455,162,617,517,631,527
145813,2002,16978,1375,18353,17533,1095,1735,2830,1723,21183,19256
145831,2002,1584,2289,3873,2353,0,0,0,0,3873,2353
145886,2002,,,0,0,66,15,81,72,81,72
146010,2002,1830,479,2309,2018,0,0,0,0,2309,2018
146205,2002,2531,3791,6322,3804,0,0,0,0,6322,3804
146214,2002,38,,38,38,0,0,0,0,38,38
146241,2002,,,0,0,920,549,1469,1199,1469,1199
146278,2002,1058,1250,2308,1478,0,0,0,0,2308,1478
146296,2002,4225,8679,12904,7139,0,0,0,0,12904,7139
146339,2002,854,313,1167,977,4,1,5,4,1172,981
146348,2002,1027,2448,3475,1849,0,0,0,0,3475,1849
146366,2002,1774,1948,3722,2428,0,0,0,0,3722,2428
146393,2002,442,277,719,551,0,0,0,0,719,551
146418,2002,1731,2219,3950,2476,0,0,0,0,3950,2476
146427,2002,1098,23,1121,1107,0,0,0,0,1121,1107
146454,2002,67,,67,67,0,0,0,0,67,67
146472,2002,3829,11628,15457,7733,0,0,0,0,15457,7733
146481,2002,1294,25,1319,1304,0,22,22,8,1341,1312
146490,2002,,,0,0,0,795,795,304,795,304
146506,2002,3019,3454,6473,4179,0,0,0,0,6473,4179
146524,2002,18,,18,18,0,0,0,0,18,18
146533,2002,42,41,83,58,0,0,0,0,83,58
146603,2002,2104,5017,7121,3788,0,0,0,0,7121,3788
146612,2002,2103,1124,3227,2545,47,1111,1158,471,4385,3016
146621,2002,52,,52,52,0,0,0,0,52,52
146667,2002,611,145,756,668,107,149,256,170,1012,838
146676,2002,1046,224,1270,1134,0,0,0,0,1270,1134
146685,2002,2535,4585,7120,4074,0,0,0,0,7120,4074
146700,2002,837,,837,837,0,0,0,0,837,837
146719,2002,5999,1534,7533,6602,3740,1788,5528,4429,13061,11031
146728,2002,,,0,0,182,164,346,249,346,249
146755,2002,49,61,110,73,0,0,0,0,110,73
146791,2002,115,,115,115,0,0,0,0,115,115
146807,2002,37,72,109,66,0,0,0,0,109,66
146816,2002,136,334,470,269,0,0,0,0,470,269
146825,2002,573,60,633,597,0,0,0,0,633,597
146977,2002,,,0,0,292,84,376,337,376,337
147004,2002,1821,3680,5501,3057,0,0,0,0,5501,3057
147013,2002,1542,659,2201,1801,0,0,0,0,2201,1801
147031,2002,,,0,0,39,63,102,71,102,71
147129,2002,44,,44,44,0,0,0,0,44,44
147165,2002,244,234,478,336,0,0,0,0,478,336
147192,2002,,39,39,15,0,0,0,0,39,15
147244,2002,2400,68,2468,2427,28,0,28,28,2496,2455
147332,2002,,21,21,8,0,0,0,0,21,8
147341,2002,1054,22,1076,1063,0,0,0,0,1076,1063
147369,2002,1333,,1333,1333,150,120,270,202,1603,1535
147378,2002,5674,8806,14480,8631,0,0,0,0,14480,8631
147396,2002,152,4,156,154,0,0,0,0,156,154
147411,2002,1025,3908,4933,2337,0,0,0,0,4933,2337
147439,2002,57,84,141,90,0,0,0,0,141,90
147518,2002,32,13,45,37,0,0,0,0,45,37
147536,2002,2320,723,3043,2604,1615,3246,4861,2855,7904,5459
147590,2002,,112,112,44,426,0,426,426,538,470
147642,2002,26,97,123,65,0,0,0,0,123,65
147660,2002,1771,345,2116,1907,64,353,417,199,2533,2106
147679,2002,1295,340,1635,1429,233,530,763,447,2398,1876
147697,2002,,,0,0,182,165,347,258,347,258
147703,2002,16157,1947,18104,16943,2194,4650,6844,3880,24948,20823
147749,2002,413,357,770,555,0,0,0,0,770,555
147767,2002,7804,1638,9442,8447,6257,1829,8086,6957,17528,15404
147776,2002,4914,3760,8674,6431,334,2401,2735,1202,11409,7633
147800,2002,3004,8417,11421,5830,0,0,0,0,11421,5830
147819,2002,69,,69,69,0,0,0,0,69,69
147828,2002,1929,300,2229,2047,81,1553,1634,674,3863,2721
147916,2002,4476,5063,9539,6176,0,0,0,0,9539,6176
147970,2002,188,,188,188,0,0,0,0,188,188
148007,2002,1562,3439,5001,2717,0,0,0,0,5001,2717
148016,2002,529,9,538,533,0,0,0,0,538,533
148098,2002,25,46,71,43,0,0,0,0,71,43
148131,2002,972,85,1057,1005,24,111,135,66,1192,1071
148140,2002,170,,170,170,0,0,0,0,170,170
148168,2002,57,,57,57,0,0,0,0,57,57
148177,2002,1416,482,1898,1605,0,0,0,0,1898,1605
148256,2002,1545,1587,3132,2078,0,0,0,0,3132,2078
148292,2002,1334,2234,3568,2084,0,0,0,0,3568,2084
148335,2002,4630,601,5231,4866,0,0,0,0,5231,4866
148380,2002,3177,5839,9016,5137,0,0,0,0,9016,5137
148399,2002,243,185,428,316,0,0,0,0,428,316
148405,2002,774,202,976,853,73,231,304,161,1280,1014
148487,2002,1826,2481,4307,2801,714,2300,3014,1593,7321,4394
148496,2002,953,217,1170,1038,347,1259,1606,828,2776,1866
148511,2002,118,15,133,124,668,431,1099,833,1232,957
148575,2002,124,30,154,136,5,22,27,13,181,149
148584,2002,1106,1398,2504,1655,97,1582,1679,701,4183,2356
148593,2002,65,1,66,65,0,0,0,0,66,65
148627,2002,2213,745,2958,2506,261,2049,2310,1044,5268,3550
148654,2002,1432,1013,2445,1841,449,1557,2006,1012,4451,2853
148672,2002,1067,1521,2588,1578,0,0,0,0,2588,1578
148724,2002,,,0,0,76,117,193,121,193,121
148821,2002,994,1064,2058,1351,0,0,0,0,2058,1351
148849,2002,99,37,136,114,0,0,0,0,136,114
148876,2002,1445,324,1769,1572,0,0,0,0,1769,1572
148885,2002,,,0,0,251,7,258,254,258,254
148919,2002,23,,23,23,0,0,0,0,23,23
148937,2002,1042,1662,2704,1600,0,0,0,0,2704,1600
148955,2002,45,,45,45,0,0,0,0,45,45
148973,2002,35,,35,35,0,0,0,0,35,35
148982,2002,,,0,0,0,277,277,106,277,106
148991,2002,993,1096,2089,1361,0,0,0,0,2089,1361
149019,2002,233,133,366,286,0,0,0,0,366,286
149028,2002,61,30,91,73,0,0,0,0,91,73
149204,2002,58,,58,58,0,0,0,0,58,58
149222,2002,15069,1794,16863,15793,2339,2671,5010,3306,21873,19099
149231,2002,8359,1655,10014,9027,966,1728,2694,1591,12708,10618
149310,2002,237,,237,237,0,0,0,0,237,237
149329,2002,58,,58,58,15,5,20,17,78,75
149365,2002,2256,4741,6997,3848,0,0,0,0,6997,3848
149499,2002,2,,2,2,0,0,0,0,2,2
149505,2002,904,231,1135,995,0,0,0,0,1135,995
149514,2002,1017,77,1094,1047,733,467,1200,928,2294,1975
149532,2002,3622,11242,14864,7396,0,0,0,0,14864,7396
149550,2002,56,35,91,70,0,0,0,0,91,70
149639,2002,81,51,132,101,1,81,82,32,214,133
149727,2002,2219,6071,8290,4257,0,0,0,0,8290,4257
149763,2002,61,14,75,66,0,0,0,0,75,66
149772,2002,9683,1350,11033,10228,850,1578,2428,1421,13461,11649
149781,2002,2338,57,2395,2360,302,175,477,369,2872,2729
149842,2002,5212,9270,14482,8324,0,0,0,0,14482,8324
150048,2002,331,234,565,424,0,0,0,0,565,424
150066,2002,1959,162,2121,2023,62,323,385,192,2506,2215
150075,2002,16,,16,16,0,0,0,0,16,16
150127,2002,19,,19,19,0,0,0,0,19,19
150136,2002,15132,1468,16600,15724,1021,1790,2811,1668,19411,17392
150145,2002,1208,426,1634,1375,16,96,112,53,1746,1428
150163,2002,3428,84,3512,3461,236,578,814,458,4326,3919
150172,2002,420,656,1076,678,0,66,66,25,1142,703
150215,2002,,,0,0,140,156,296,205,296,205
150251,2002,62,51,113,82,0,0,0,0,113,82
150288,2002,,,0,0,310,82,392,343,392,343
150303,2002,42,,42,42,0,0,0,0,42,42
150367,2002,252,338,590,385,2,2,4,3,594,388
150376,2002,429,249,678,527,0,0,0,0,678,527
150400,2002,2286,52,2338,2306,0,0,0,0,2338,2306
150428,2002,37,,37,37,0,0,0,0,37,37
150437,2002,31,40,71,47,0,0,0,0,71,47
150455,2002,1058,22,1080,1067,42,26,68,53,1148,1120
150525,2002,93,,93,93,0,0,0,0,93,93
150534,2002,2112,410,2522,2273,61,7,68,64,2590,2337
150561,2002,430,249,679,528,0,0,0,0,679,528
150604,2002,989,59,1048,1012,0,0,0,0,1048,1012
150640,2002,10,,10,10,0,0,0,0,10,10
150668,2002,782,158,940,844,0,0,0,0,940,844
150677,2002,1043,106,1149,1085,36,96,132,74,1281,1159
150695,2002,72,17,89,79,0,0,0,0,89,79
150710,2002,115,,115,115,0,0,0,0,115,115
150756,2002,1044,6,1050,1046,0,0,0,0,1050,1046
150765,2002,35,,35,35,0,0,0,0,35,35
150774,2002,476,26,502,486,0,0,0,0,502,486
150853,2002,35,22,57,44,0,0,0,0,57,44
150941,2002,811,135,946,864,3,42,45,19,991,883
150978,2002,1014,2967,3981,2010,0,0,0,0,3981,2010
150987,2002,2751,6047,8798,4781,0,0,0,0,8798,4781
150996,2002,524,1168,1692,916,0,0,0,0,1692,916
151005,2002,1972,2461,4433,2798,0,0,0,0,4433,2798
151014,2002,679,1483,2162,1177,0,0,0,0,2162,1177
151023,2002,1837,2777,4614,2769,0,0,0,0,4614,2769
151032,2002,1456,3333,4789,2575,0,0,0,0,4789,2575
151041,2002,674,2042,2716,1360,0,0,0,0,2716,1360
151050,2002,1199,3149,4348,2256,0,0,0,0,4348,2256
151069,2002,1581,2567,4148,2443,0,0,0,0,4148,2443
151078,2002,350,1056,1406,705,0,0,0,0,1406,705
151087,2002,1623,3714,5337,2870,0,0,0,0,5337,2870
151096,2002,565,1104,1669,936,0,0,0,0,1669,936
151102,2002,6192,4686,10878,8083,84,793,877,371,11755,8454
151111,2002,12835,8225,21060,16154,3316,4649,7965,5073,29025,21227
151157,2002,171,44,215,188,0,0,0,0,215,188
151166,2002,703,100,803,743,0,0,0,0,803,743
151184,2002,100,68,168,127,0,0,0,0,168,127
151193,2002,173,80,253,205,0,0,0,0,253,205
151209,2002,205,104,309,246,0,0,0,0,309,246
151236,2002,224,72,296,253,0,0,0,0,296,253
151245,2002,163,35,198,177,0,0,0,0,198,177
151263,2002,1987,882,2869,2333,368,535,903,572,3772,2905
151290,2002,1617,1673,3290,2274,239,257,496,337,3786,2611
151306,2002,7040,1958,8998,7830,106,571,677,313,9675,8143
151324,2002,8549,1448,9997,9133,659,1058,1717,1042,11714,10175
151333,2002,1290,1267,2557,1801,35,180,215,100,2772,1901
151342,2002,3269,2908,6177,4443,233,1047,1280,612,7457,5055
151351,2002,28441,2311,30752,29374,5099,3052,8151,6230,38903,35604
151360,2002,2320,2002,4322,3128,67,504,571,249,4893,3377
151379,2002,3227,2633,5860,4290,26,830,856,326,6716,4616
151388,2002,1169,1247,2416,1672,5,60,65,27,2481,1699
151458,2002,497,83,580,530,0,0,0,0,580,530
151467,2002,308,,308,308,0,0,0,0,308,308
151494,2002,585,71,656,613,0,0,0,0,656,613
151500,2002,420,68,488,447,0,0,0,0,488,447
151519,2002,657,166,823,722,14,14,28,19,851,741
151537,2002,89,,89,89,0,0,0,0,89,89
151564,2002,13,43,56,30,0,0,0,0,56,30
151607,2002,,39,39,15,0,0,0,0,39,15
151616,2002,446,,446,446,0,0,0,0,446,446
151625,2002,428,,428,428,0,0,0,0,428,428
151652,2002,69,63,132,94,0,0,0,0,132,94
151661,2002,674,,674,674,0,0,0,0,674,674
151777,2002,1065,39,1104,1080,12,1,13,12,1117,1092
151786,2002,966,446,1412,1141,15,0,15,15,1427,1156
151801,2002,5574,630,6204,5821,2373,188,2561,2445,8765,8266
151810,2002,222,364,586,365,43,34,77,56,663,421
151829,2002,48,,48,48,0,0,0,0,48,48
151865,2002,,,0,0,66,103,169,113,169,113
151874,2002,191,,191,191,0,0,0,0,191,191
151944,2002,448,,448,448,0,0,0,0,448,448
151962,2002,51,,51,51,0,0,0,0,51,51
152044,2002,79,42,121,96,0,0,0,0,121,96
152080,2002,8223,38,8261,8238,2793,257,3050,2892,11311,11130
152099,2002,1310,258,1568,1411,139,150,289,199,1857,1610
152150,2002,26,16,42,32,0,0,0,0,42,32
152220,2002,547,,547,547,0,0,0,0,547,547
152248,2002,3793,4127,7920,5458,114,829,943,414,8863,5872
152266,2002,2042,1593,3635,2685,0,22,22,8,3657,2693
152275,2002,36,97,133,75,0,0,0,0,133,75
152309,2002,71,23,94,80,0,0,0,0,94,80
152318,2002,1636,6,1642,1638,51,111,162,93,1804,1731
152327,2002,62,1,63,62,0,0,0,0,63,62
152336,2002,1136,379,1515,1285,66,128,194,115,1709,1400
152363,2002,812,160,972,875,0,2,2,1,974,876
152381,2002,432,1063,1495,850,0,117,117,45,1612,895
152390,2002,1463,29,1492,1474,0,0,0,0,1492,1474
152415,2002,144,54,198,165,0,0,0,0,198,165
152424,2002,194,138,332,249,0,0,0,0,332,249
152451,2002,,,0,0,84,46,130,102,130,102
152497,2002,132,13,145,137,0,0,0,0,145,137
152530,2002,1821,47,1868,1839,0,0,0,0,1868,1839
152567,2002,1110,157,1267,1172,0,0,0,0,1267,1172
152600,2002,2728,182,2910,2799,551,200,751,635,3661,3434
152628,2002,33,24,57,43,0,0,0,0,57,43
152637,2002,5060,3505,8565,6237,0,0,0,0,8565,6237
152673,2002,904,,904,904,0,0,0,0,904,904
152798,2002,199,39,238,214,13,18,31,20,269,234
152822,2002,680,212,892,764,0,0,0,0,892,764
152992,2002,782,191,973,857,0,0,0,0,973,857
153001,2002,2378,370,2748,2523,78,0,78,78,2826,2601
153038,2002,23,1,24,23,0,0,0,0,24,23
153074,2002,107,,107,107,0,0,0,0,107,107
153083,2002,156,,156,156,0,0,0,0,156,156
153092,2002,15,,15,15,0,0,0,0,15,15
153108,2002,1482,46,1528,1500,0,0,0,0,1528,1500
153126,2002,676,276,952,784,43,83,126,75,1078,859
153144,2002,1190,110,1300,1233,0,25,25,10,1325,1243
153162,2002,992,9,1001,996,0,0,0,0,1001,996
153171,2002,25,,25,25,0,0,0,0,25,25
153214,2002,5751,7455,13206,8254,0,0,0,0,13206,8254
153241,2002,92,5,97,94,0,0,0,0,97,94
153250,2002,1285,61,1346,1309,8,49,57,27,1403,1336
153269,2002,2475,257,2732,2576,1313,1082,2395,1729,5127,4305
153278,2002,779,58,837,802,199,74,273,228,1110,1030
153302,2002,302,24,326,311,0,0,0,0,326,311
153311,2002,3350,3470,6820,4515,0,0,0,0,6820,4515
153320,2002,376,27,403,387,32,70,102,59,505,446
153339,2002,19,,19,19,0,0,0,0,19,19
153366,2002,1339,728,2067,1625,56,175,231,123,2298,1748
153375,2002,1095,452,1547,1273,0,0,0,0,1547,1273
153384,2002,1432,53,1485,1453,0,0,0,0,1485,1453
153409,2002,169,,169,169,0,0,0,0,169,169
153418,2002,427,,427,427,0,0,0,0,427,427
153427,2002,241,,241,241,0,0,0,0,241,241
153445,2002,3202,1754,4956,3791,0,0,0,0,4956,3791
153472,2002,2523,1170,3693,2916,0,0,0,0,3693,2916
153524,2002,2367,2474,4841,3198,0,0,0,0,4841,3198
153533,2002,1308,1752,3060,1896,0,0,0,0,3060,1896
153542,2002,15,,15,15,0,0,0,0,15,15
153588,2002,19,,19,19,0,0,0,0,19,19
153597,2002,110,,110,110,0,0,0,0,110,110
153603,2002,21436,1563,22999,22067,2904,1995,4899,3626,27898,25693
153621,2002,485,236,721,578,0,0,0,0,721,578
153630,2002,2124,1996,4120,2794,0,0,0,0,4120,2794
153658,2002,17729,2758,20487,18842,5861,3349,9210,7096,29697,25938
153737,2002,7570,6379,13949,9712,0,0,0,0,13949,9712
153746,2002,50,,50,50,0,0,0,0,50,50
153764,2002,145,,145,145,0,0,0,0,145,145
153773,2002,109,,109,109,0,0,0,0,109,109
153782,2002,51,,51,51,0,0,0,0,51,51
153825,2002,1516,98,1614,1554,11,111,122,53,1736,1607
153834,2002,2501,71,2572,2529,0,0,0,0,2572,2529
153861,2002,174,37,211,189,412,198,610,488,821,677
153922,2002,1392,700,2092,1627,0,0,0,0,2092,1627
153977,2002,326,226,552,415,0,0,0,0,552,415
154004,2002,804,103,907,844,0,125,125,48,1032,892
154013,2002,916,516,1432,1119,0,0,0,0,1432,1119
154022,2002,388,70,458,415,29,5,34,31,492,446
154059,2002,1704,1073,2777,2064,0,0,0,0,2777,2064
154095,2002,10930,1467,12397,11522,542,1228,1770,986,14167,12508
154101,2002,1245,60,1305,1269,0,0,0,0,1305,1269
154110,2002,2024,2127,4151,2738,0,0,0,0,4151,2738
154129,2002,520,498,1018,687,0,0,0,0,1018,687
154156,2002,35,,35,35,1018,109,1127,1061,1162,1096
154165,2002,39,,39,39,0,0,0,0,39,39
154174,2002,60,21,81,68,1702,28,1730,1717,1811,1785
154208,2002,106,19,125,114,0,0,0,0,125,114
154235,2002,1899,555,2454,2117,308,738,1046,590,3500,2707
154262,2002,84,38,122,99,0,0,0,0,122,99
154332,2002,55,,55,55,0,0,0,0,55,55
154341,2002,108,,108,108,0,0,0,0,108,108
154350,2002,1353,492,1845,1546,0,14,14,5,1859,1551
154378,2002,1877,1036,2913,2225,0,0,0,0,2913,2225
154396,2002,739,569,1308,930,0,0,0,0,1308,930
154439,2002,3,,3,3,0,0,0,0,3,3
154448,2002,110,,110,110,0,0,0,0,110,110
154457,2002,51,,51,51,0,0,0,0,51,51
154466,2002,45,,45,45,0,0,0,0,45,45
154484,2002,12,,12,12,0,0,0,0,12,12
154493,2002,1907,2445,4352,2868,137,0,137,137,4489,3005
154509,2002,74,39,113,89,0,0,0,0,113,89
154518,2002,463,84,547,496,0,0,0,0,547,496
154527,2002,1615,80,1695,1646,0,0,0,0,1695,1646
154536,2002,,,0,0,164,17,181,171,181,171
154545,2002,44,,44,44,0,0,0,0,44,44
154572,2002,2067,3065,5132,3096,0,0,0,0,5132,3096
154590,2002,1364,91,1455,1400,0,0,0,0,1455,1400
154633,2002,58,,58,58,0,0,0,0,58,58
154642,2002,932,1324,2256,1377,0,0,0,0,2256,1377
154651,2002,87,,87,87,0,0,0,0,87,87
154688,2002,848,38,886,863,0,0,0,0,886,863
154697,2002,1070,3424,4494,2220,0,0,0,0,4494,2220
154712,2002,957,339,1296,1090,43,36,79,57,1375,1147
154721,2002,547,57,604,569,0,0,0,0,604,569
154749,2002,435,36,471,449,0,0,0,0,471,449
154767,2002,230,,230,230,0,0,0,0,230,230
154776,2002,282,,282,282,0,0,0,0,282,282
154794,2002,56,,56,56,0,0,0,0,56,56
154800,2002,3316,5393,8709,5127,0,0,0,0,8709,5127
154819,2002,77,,77,77,0,0,0,0,77,77
154837,2002,,,0,0,64,39,103,84,103,84
154855,2002,315,22,337,324,0,0,0,0,337,324
154907,2002,799,2202,3001,1538,0,0,0,0,3001,1538
154925,2002,631,1181,1812,1028,0,0,0,0,1812,1028
154934,2002,727,1145,1872,1111,0,0,0,0,1872,1111
154943,2002,59,29,88,71,0,0,0,0,88,71
154952,2002,2131,2525,4656,2979,0,0,0,0,4656,2979
154970,2002,79,,79,79,0,0,0,0,79,79
154998,2002,809,1255,2064,1230,0,0,0,0,2064,1230
155007,2002,190,242,432,286,0,0,0,0,432,286
155025,2002,3870,523,4393,4081,253,1359,1612,745,6005,4826
155052,2002,217,205,422,286,0,0,0,0,422,286
155061,2002,3795,1242,5037,4296,318,1037,1355,693,6392,4989
155070,2002,194,3,197,195,0,0,0,0,197,195
155089,2002,2118,484,2602,2308,441,69,510,467,3112,2775
155098,2002,839,900,1739,1141,0,0,0,0,1739,1141
155104,2002,898,1555,2453,1420,0,0,0,0,2453,1420
155140,2002,852,35,887,866,0,0,0,0,887,866
155159,2002,21,,21,21,0,0,0,0,21,21
155177,2002,382,60,442,406,0,0,0,0,442,406
155186,2002,819,2082,2901,1518,0,0,0,0,2901,1518
155195,2002,1850,2063,3913,2543,0,0,0,0,3913,2543
155201,2002,588,532,1120,767,0,0,0,0,1120,767
155210,2002,5927,12084,18011,9984,0,0,0,0,18011,9984
155265,2002,320,509,829,522,0,0,0,0,829,522
155283,2002,637,,637,637,0,0,0,0,637,637
155292,2002,1718,3605,5323,2928,0,0,0,0,5323,2928
155317,2002,18140,2073,20213,18977,2977,3268,6245,4162,26458,23139
155326,2002,314,78,392,345,1030,316,1346,1144,1738,1489
155335,2002,951,652,1603,1207,109,217,326,192,1929,1399
155353,2002,52,,52,52,0,0,0,0,52,52
155399,2002,16466,2582,19048,17508,1702,2012,3714,2430,22762,19938
155414,2002,561,213,774,645,0,32,32,12,806,657
155423,2002,171,813,984,494,0,0,0,0,984,494
155441,2002,31,14,45,37,0,0,0,0,45,37
155450,2002,466,935,1401,780,0,0,0,0,1401,780
155478,2002,156,1340,1496,606,0,0,0,0,1496,606
155487,2002,306,32,338,317,0,0,0,0,338,317
155496,2002,262,100,362,301,0,0,0,0,362,301
155511,2002,341,38,379,356,0,0,0,0,379,356
155520,2002,1257,115,1372,1302,295,158,453,355,1825,1657
155566,2002,627,1177,1804,1022,0,0,0,0,1804,1022
155593,2002,426,52,478,443,0,0,0,0,478,443
155609,2002,78,60,138,98,0,0,0,0,138,98
155618,2002,478,,478,478,0,0,0,0,478,478
155627,2002,468,16,484,474,0,0,0,0,484,474
155636,2002,124,372,496,270,1,206,207,80,703,350
155681,2002,5023,460,5483,5209,361,907,1268,689,6751,5898
155715,2002,646,796,1442,913,0,0,0,0,1442,913
155812,2002,358,185,543,431,15,333,348,142,891,573
155830,2002,216,87,303,245,0,0,0,0,303,245
155858,2002,641,1323,1964,1085,0,0,0,0,1964,1085
155867,2002,43,,43,43,0,0,0,0,43,43
155876,2002,81,4,85,82,0,0,0,0,85,82
155900,2002,711,426,1137,878,3,150,153,60,1290,938
155937,2002,433,33,466,446,0,0,0,0,466,446
155946,2002,94,8,102,97,0,0,0,0,102,97
155973,2002,441,116,557,487,10,8,18,13,575,500
156082,2002,3456,1871,5327,4211,588,525,1113,785,6440,4996
156107,2002,600,1380,1980,1063,0,0,0,0,1980,1063
156125,2002,7215,4649,11864,9091,1148,2425,3573,2025,15437,11116
156134,2002,246,,246,246,0,0,0,0,246,246
156189,2002,552,25,577,562,0,0,0,0,577,562
156213,2002,1233,38,1271,1248,0,40,40,15,1311,1263
156222,2002,,,0,0,763,707,1470,1088,1470,1088
156231,2002,1194,1305,2499,1632,0,0,0,0,2499,1632
156240,2002,439,577,1016,633,0,0,0,0,1016,633
156277,2002,76,,76,76,0,0,0,0,76,76
156286,2002,1465,1283,2748,1969,246,300,546,361,3294,2330
156295,2002,1526,52,1578,1546,0,0,0,0,1578,1546
156310,2002,146,64,210,171,0,0,0,0,210,171
156338,2002,654,1619,2273,1198,0,0,0,0,2273,1198
156356,2002,539,210,749,621,0,26,26,10,775,631
156365,2002,1144,510,1654,1344,15,146,161,71,1815,1415
156392,2002,1308,1747,3055,1895,0,0,0,0,3055,1895
156408,2002,1043,12,1055,1048,0,0,0,0,1055,1048
156417,2002,146,49,195,165,0,0,0,0,195,165
156426,2002,28,,28,28,0,0,0,0,28,28
156444,2002,23,23,46,32,0,0,0,0,46,32
156471,2002,44,,44,44,0,0,0,0,44,44
156541,2002,1340,248,1588,1437,7,148,155,64,1743,1501
156611,2002,14,10,24,18,0,0,0,0,24,18
156620,2002,9113,3454,12567,10507,440,1688,2128,1051,14695,11558
156648,2002,1746,1915,3661,2389,0,0,0,0,3661,2389
156657,2002,481,767,1248,739,0,0,0,0,1248,739
156675,2002,23,1,24,23,0,0,0,0,24,23
156727,2002,,,0,0,170,0,170,170,170,170
156745,2002,1237,32,1269,1250,2,335,337,130,1606,1380
156754,2002,24,4,28,26,0,0,0,0,28,26
156790,2002,1976,2126,4102,2690,0,0,0,0,4102,2690
156842,2002,57,,57,57,0,0,0,0,57,57
156851,2002,641,884,1525,938,0,0,0,0,1525,938
156860,2002,1278,1709,2987,1852,0,0,0,0,2987,1852
156903,2002,102,,102,102,0,0,0,0,102,102
156921,2002,3475,5915,9390,5461,0,0,0,0,9390,5461
156930,2002,479,3103,3582,1521,0,0,0,0,3582,1521
156949,2002,14,4,18,16,0,0,0,0,18,16
156967,2002,39,,39,39,0,0,0,0,39,39
157021,2002,307,236,543,401,0,0,0,0,543,401
157030,2002,64,18,82,71,0,0,0,0,82,71
157058,2002,1631,476,2107,1823,62,84,146,92,2253,1915
157076,2002,606,30,636,618,0,0,0,0,636,618
157085,2002,15928,1902,17830,16696,4387,2768,7155,5401,24985,22097
157100,2002,561,15,576,567,1,13,14,6,590,573
157119,2002,337,293,630,435,0,0,0,0,630,435
157173,2002,5241,3029,8270,6258,0,0,0,0,8270,6258
157207,2002,,,0,0,55,57,112,82,112,82
157216,2002,1283,168,1451,1349,32,105,137,72,1588,1421
157270,2002,532,92,624,569,0,0,0,0,624,569
157289,2002,10290,4168,14458,11972,3237,2721,5958,4240,20416,16212
157298,2002,,,0,0,126,101,227,167,227,167
157304,2002,1397,1960,3357,2055,0,0,0,0,3357,2055
157322,2002,521,1110,1631,894,0,0,0,0,1631,894
157331,2002,764,890,1654,1063,0,0,0,0,1654,1063
157359,2002,535,47,582,553,0,0,0,0,582,553
157377,2002,658,384,1042,809,0,0,0,0,1042,809
157386,2002,6574,1126,7700,7028,296,1382,1678,796,9378,7824
157395,2002,18,,18,18,0,0,0,0,18,18
157401,2002,6782,1301,8083,7307,570,1262,1832,1026,9915,8333
157438,2002,742,1810,2552,1350,0,0,0,0,2552,1350
157447,2002,8645,3491,12136,10054,396,1183,1579,874,13715,10928
157456,2002,30,,30,30,0,0,0,0,30,30
157465,2002,254,61,315,278,0,0,0,0,315,278
157483,2002,1455,2064,3519,2148,0,0,0,0,3519,2148
157508,2002,6,18,24,13,0,0,0,0,24,13
157535,2002,891,66,957,917,244,0,244,244,1201,1161
157553,2002,1585,929,2514,1897,0,0,0,0,2514,1897
157599,2002,327,,327,327,0,0,0,0,327,327
157605,2002,271,639,910,486,0,0,0,0,910,486
157614,2002,65,20,85,73,0,0,0,0,85,73
157632,2002,515,237,752,609,0,0,0,0,752,609
157650,2002,72,,72,72,0,0,0,0,72,72
157669,2002,52,2,54,53,0,0,0,0,54,53
157678,2002,51,24,75,61,0,0,0,0,75,61
157696,2002,238,,238,238,0,0,0,0,238,238
157711,2002,1885,1076,2961,2246,0,0,0,0,2961,2246
157720,2002,687,571,1258,879,0,0,0,0,1258,879
157739,2002,1919,1745,3664,2505,0,0,0,0,3664,2505
157748,2002,384,483,867,574,1329,520,1849,1584,2716,2158
157757,2002,627,337,964,759,360,378,738,504,1702,1263
157766,2002,787,141,928,843,0,0,0,0,928,843
157793,2002,2088,2281,4369,2984,260,17,277,266,4646,3250
157809,2002,958,342,1300,1092,102,0,102,102,1402,1194
157818,2002,1100,9,1109,1104,0,0,0,0,1109,1104
157827,2002,47,,47,47,0,0,0,0,47,47
157845,2002,40,,40,40,0,0,0,0,40,40
157863,2002,549,39,588,564,37,284,321,146,909,710
157942,2002,928,1398,2326,1397,0,0,0,0,2326,1397
157951,2002,12291,2935,15226,13475,693,1892,2585,1377,17811,14852
158079,2002,65,,65,65,0,0,0,0,65,65
158088,2002,272,104,376,307,0,0,0,0,376,307
158158,2002,142,38,180,157,0,0,0,0,180,157
158219,2002,119,80,199,146,0,0,0,0,199,146
158237,2002,229,104,333,264,0,0,0,0,333,264
158246,2002,103,,103,103,0,0,0,0,103,103
158282,2002,46,,46,46,0,0,0,0,46,46
158307,2002,146,57,203,165,0,0,0,0,203,165
158325,2002,57,,57,57,0,0,0,0,57,57
158334,2002,22,,22,22,0,0,0,0,22,22
158343,2002,74,91,165,110,0,0,0,0,165,110
158352,2002,506,762,1268,762,0,0,0,0,1268,762
158431,2002,2192,1927,4119,2839,0,0,0,0,4119,2839
158440,2002,208,,208,208,0,0,0,0,208,208
158477,2002,865,32,897,878,8,133,141,59,1038,937
158538,2002,36,,36,36,0,0,0,0,36,36
158583,2002,115,97,212,148,0,0,0,0,212,148
158617,2002,330,,330,330,0,0,0,0,330,330
158644,2002,77,,77,77,0,0,0,0,77,77
158662,2002,7029,8092,15121,9746,0,0,0,0,15121,9746
158723,2002,417,,417,417,0,0,0,0,417,417
158769,2002,293,309,602,397,0,0,0,0,602,397
158778,2002,54,,54,54,0,0,0,0,54,54
158787,2002,71,2,73,72,0,0,0,0,73,72
158802,2002,1984,241,2225,2079,0,0,0,0,2225,2079
158884,2002,1127,1136,2263,1508,0,0,0,0,2263,1508
158893,2002,182,71,253,206,0,0,0,0,253,206
158936,2002,51,363,414,173,0,0,0,0,414,173
158945,2002,134,38,172,147,0,0,0,0,172,147
158954,2002,32,41,73,48,0,0,0,0,73,48
159009,2002,3565,440,4005,3743,260,199,459,332,4464,4075
159018,2002,202,170,372,259,0,0,0,0,372,259
159027,2002,78,,78,78,0,0,0,0,78,78
159045,2002,180,61,241,200,0,0,0,0,241,200
159090,2002,103,90,193,133,0,0,0,0,193,133
159197,2002,244,106,350,286,0,0,0,0,350,286
159249,2002,59,124,183,101,0,0,0,0,183,101
159258,2002,155,166,321,211,0,0,0,0,321,211
159267,2002,121,78,199,147,0,0,0,0,199,147
159319,2002,101,,101,101,0,0,0,0,101,101
159328,2002,65,,65,65,0,0,0,0,65,65
159373,2002,557,181,738,630,1868,171,2039,1931,2777,2561
159382,2002,1447,1645,3092,1999,0,0,0,0,3092,1999
159391,2002,23958,2702,26660,25048,3875,1693,5568,4493,32228,29541
159407,2002,1694,1367,3061,2153,0,0,0,0,3061,2153
159416,2002,2384,1158,3542,2851,159,527,686,350,4228,3201
159443,2002,697,231,928,775,0,0,0,0,928,775
159513,2002,103,,103,103,0,0,0,0,103,103
159522,2002,85,,85,85,0,0,0,0,85,85
159531,2002,56,2,58,57,0,0,0,0,58,57
159568,2002,1001,160,1161,1064,0,0,0,0,1161,1064
159601,2002,55,2,57,56,0,0,0,0,57,56
159647,2002,7793,1582,9375,8431,928,954,1882,1273,11257,9704
159656,2002,3256,516,3772,3459,791,999,1790,1204,5562,4663
159692,2002,112,41,153,126,0,0,0,0,153,126
159717,2002,5800,1206,7006,6287,300,716,1016,559,8022,6846
159780,2002,198,,198,198,0,0,0,0,198,198
159799,2002,132,,132,132,0,0,0,0,132,132
159823,2002,206,228,434,283,0,0,0,0,434,283
159939,2002,9408,3781,13189,10934,1538,2593,4131,2476,17320,13410
159948,2002,244,839,1083,574,756,559,1315,1045,2398,1619
159966,2002,5361,1200,6561,5845,121,632,753,350,7314,6195
159984,2002,80,40,120,93,0,0,0,0,120,93
159993,2002,5550,1276,6826,6065,823,506,1329,1008,8155,7073
160001,2002,98,161,259,152,0,0,0,0,259,152
160010,2002,381,212,593,452,0,0,0,0,593,452
160029,2002,,,0,0,125,31,156,137,156,137
160038,2002,7014,2073,9087,7851,242,830,1072,542,10159,8393
160047,2002,174,85,259,203,0,0,0,0,259,203
160065,2002,770,487,1257,961,27,95,122,63,1379,1024
160074,2002,486,935,1421,853,0,0,0,0,1421,853
160117,2002,22,,22,22,0,0,0,0,22,22
160126,2002,22,,22,22,0,0,0,0,22,22
160135,2002,22,,22,22,0,0,0,0,22,22
160144,2002,21,,21,21,0,0,0,0,21,21
160199,2002,44,,44,44,0,0,0,0,44,44
160214,2002,161,116,277,200,0,0,0,0,277,200
160250,2002,309,,309,309,0,0,0,0,309,309
160311,2002,211,72,283,235,0,0,0,0,283,235
160320,2002,106,,106,106,0,0,0,0,106,106
160348,2002,28,,28,28,0,0,0,0,28,28
160366,2002,103,24,127,111,0,0,0,0,127,111
160384,2002,91,166,257,147,0,0,0,0,257,147
160409,2002,82,84,166,115,0,0,0,0,166,115
160427,2002,537,521,1058,712,0,0,0,0,1058,712
160436,2002,293,159,452,346,0,0,0,0,452,346
160445,2002,63,,63,63,0,0,0,0,63,63
160454,2002,176,178,354,236,0,0,0,0,354,236
160472,2002,146,,146,146,0,0,0,0,146,146
160481,2002,268,520,788,443,0,0,0,0,788,443
160524,2002,397,,397,397,0,0,0,0,397,397
160560,2002,122,174,296,180,0,0,0,0,296,180
160579,2002,917,562,1479,1106,0,0,0,0,1479,1106
160597,2002,67,27,94,78,0,0,0,0,94,78
160612,2002,11382,1994,13376,12187,522,1277,1799,984,15175,13171
160621,2002,6690,661,7351,6957,795,742,1537,1064,8888,8021
160630,2002,2196,600,2796,2438,227,363,590,358,3386,2796
160649,2002,1356,604,1960,1559,0,0,0,0,1960,1559
160658,2002,11836,2505,14341,12847,817,848,1665,1124,16006,13971
160667,2002,375,391,766,506,0,0,0,0,766,506
160676,2002,520,95,615,552,0,0,0,0,615,552
160685,2002,158,258,416,245,0,0,0,0,416,245
160694,2002,298,168,466,354,0,0,0,0,466,354
160719,2002,123,132,255,167,0,0,0,0,255,167
160755,2002,5850,1810,7660,6561,3852,694,4546,4118,12206,10679
160816,2002,91,113,204,129,0,0,0,0,204,129
160843,2002,175,141,316,222,0,0,0,0,316,222
160870,2002,272,97,369,305,0,0,0,0,369,305
160904,2002,3044,140,3184,3099,670,140,810,724,3994,3823
160913,2002,331,768,1099,589,0,0,0,0,1099,589
160940,2002,528,13,541,533,0,0,0,0,541,533
160959,2002,267,9,276,271,4,0,4,4,280,275
160968,2002,4,2,6,5,33,60,93,59,99,64
160977,2002,1738,,1738,1738,0,0,0,0,1738,1738
160995,2002,241,116,357,287,0,0,0,0,357,287
161004,2002,1650,7,1657,1653,0,0,0,0,1657,1653
161022,2002,29,85,114,63,0,0,0,0,114,63
161059,2002,15,,15,15,0,0,0,0,15,15
161077,2002,772,874,1646,1065,0,0,0,0,1646,1065
161086,2002,1830,,1830,1830,0,0,0,0,1830,1830
161138,2002,744,1046,1790,1095,0,0,0,0,1790,1095
161165,2002,946,665,1611,1207,43,216,259,126,1870,1333
161192,2002,456,1045,1501,807,0,0,0,0,1501,807
161208,2002,68,,68,68,0,0,0,0,68,68
161217,2002,1506,4216,5722,3207,0,0,0,0,5722,3207
161226,2002,2079,320,2399,2208,0,0,0,0,2399,2208
161235,2002,618,209,827,702,0,0,0,0,827,702
161244,2002,540,528,1068,753,0,0,0,0,1068,753
161253,2002,7154,1663,8817,7825,1003,1315,2318,1479,11135,9304
161299,2002,702,14,716,708,8,0,8,8,724,716
161341,2002,1018,542,1560,1237,0,0,0,0,1560,1237
161378,2002,17,,17,17,0,0,0,0,17,17
161396,2002,145,81,226,177,0,0,0,0,226,177
161402,2002,131,78,209,162,0,0,0,0,209,162
161448,2002,14,23,37,23,0,0,0,0,37,23
161457,2002,1208,351,1559,1346,761,1460,2221,1321,3780,2667
161484,2002,611,361,972,732,0,0,0,0,972,732
161493,2002,216,,216,216,0,0,0,0,216,216
161509,2002,398,32,430,411,29,0,29,29,459,440
161518,2002,944,1731,2675,1624,331,894,1225,673,3900,2297
161527,2002,90,46,136,108,0,0,0,0,136,108
161545,2002,1267,1583,2850,1798,0,0,0,0,2850,1798
161554,2002,4596,4421,9017,6380,1113,1252,2365,1572,11382,7952
161563,2002,497,174,671,565,2,146,148,58,819,623
161572,2002,468,14,482,473,0,0,0,0,482,473
161581,2002,289,99,388,322,0,0,0,0,388,322
161615,2002,36,,36,36,0,0,0,0,36,36
161624,2002,133,,133,133,0,0,0,0,133,133
161651,2002,26,13,39,31,0,0,0,0,39,31
161688,2002,1881,1360,3241,2338,0,0,0,0,3241,2338
161767,2002,4535,9281,13816,7651,0,0,0,0,13816,7651
161800,2002,38,7,45,41,0,0,0,0,45,41
161837,2002,43,52,95,63,9,56,65,30,160,93
161855,2002,36,28,64,47,0,0,0,0,64,47
161864,2002,2219,4876,7095,3856,0,0,0,0,7095,3856
161873,2002,938,1070,2008,1370,1520,1264,2784,1985,4792,3355
161882,2002,484,32,516,497,0,0,0,0,516,497
162007,2002,2815,858,3673,3161,309,1275,1584,770,5257,3931
162061,2002,225,227,452,314,101,282,383,209,835,523
162104,2002,548,1099,1647,917,0,0,0,0,1647,917
162122,2002,2200,4919,7119,3851,0,0,0,0,7119,3851
162168,2002,724,1630,2354,1271,0,0,0,0,2354,1271
162210,2002,752,402,1154,910,0,8,8,3,1162,913
162283,2002,2418,855,3273,2763,34,575,609,242,3882,3005
162335,2002,122,,122,122,0,0,0,0,122,122
162371,2002,187,14,201,193,0,0,0,0,201,193
162539,2002,,752,752,295,0,1581,1581,773,2333,1068
162557,2002,1582,3050,4632,2606,0,0,0,0,4632,2606
162584,2002,4223,321,4544,4353,212,701,913,466,5457,4819
162609,2002,345,290,635,442,0,0,0,0,635,442
162654,2002,1230,40,1270,1246,116,716,832,390,2102,1636
162681,2002,669,216,885,755,0,0,0,0,885,755
162690,2002,1140,1712,2852,1715,0,0,0,0,2852,1715
162706,2002,1985,3462,5447,3147,0,0,0,0,5447,3147
162724,2002,179,,179,179,0,0,0,0,179,179
162760,2002,641,179,820,711,56,817,873,368,1693,1079
162779,2002,2139,4043,6182,3496,0,0,0,0,6182,3496
162830,2002,29,14,43,35,0,0,0,0,43,35
162928,2002,4667,823,5490,4990,4907,7592,12499,7808,17989,12798
162982,2002,16,7,23,19,0,0,0,0,23,19
163028,2002,649,140,789,705,0,0,0,0,789,705
163046,2002,3418,70,3488,3445,631,2025,2656,1405,6144,4850
163107,2002,18,25,43,28,0,0,0,0,43,28
163116,2002,66,15,81,72,0,0,0,0,81,72
163161,2002,33,,33,33,0,0,0,0,33,33
163204,2002,2393,14597,16990,8284,214,6826,7040,2683,24030,10967
163259,2002,599,327,926,731,3596,948,4544,3976,5470,4707
163268,2002,7793,1756,9549,8502,986,1176,2162,1411,11711,9913
163286,2002,22763,2477,25240,23763,6348,3213,9561,7510,34801,31273
163295,2002,1186,499,1685,1382,151,11,162,155,1847,1537
163338,2002,2895,362,3257,3041,194,193,387,264,3644,3305
163347,2002,482,25,507,492,0,0,0,0,507,492
163408,2002,74,63,137,99,0,0,0,0,137,99
163426,2002,7748,14057,21805,12467,0,0,0,0,21805,12467
163453,2002,5308,724,6032,5600,299,329,628,418,6660,6018
163462,2002,1335,257,1592,1436,201,248,449,296,2041,1732
163532,2002,353,,353,353,212,12,224,217,577,570
163541,2002,115,76,191,145,0,0,0,0,191,145
163578,2002,652,1039,1691,1060,111,1346,1457,625,3148,1685
163657,2002,3287,9406,12693,6445,0,0,0,0,12693,6445
163736,2002,684,699,1383,962,0,0,0,0,1383,962
163754,2002,55,27,82,66,0,0,0,0,82,66
163815,2002,18,21,39,26,0,0,0,0,39,26
163842,2002,12,,12,12,76,209,285,156,297,168
163851,2002,5439,767,6206,5749,154,491,645,332,6851,6081
163912,2002,1648,175,1823,1719,0,0,0,0,1823,1719
163921,2002,777,231,1008,868,73,23,96,82,1104,950
163976,2002,462,3,465,463,77,7,84,80,549,543
164076,2002,12275,2021,14296,13091,762,2423,3185,1638,17481,14729
164085,2002,,,0,0,273,44,317,290,317,290
164100,2002,39,,39,39,0,0,0,0,39,39
164155,2002,4309,,4309,4309,0,0,0,0,4309,4309
164173,2002,1863,574,2437,2088,0,63,63,24,2500,2112
164207,2002,180,151,331,239,74,226,300,174,631,413
164216,2002,1267,35,1302,1281,0,56,56,21,1358,1302
164243,2002,,,0,0,83,196,279,168,279,168
164270,2002,1626,69,1695,1653,180,1499,1679,753,3374,2406
164313,2002,854,2120,2974,1566,0,0,0,0,2974,1566
164368,2002,,,0,0,26,0,26,26,26,26
164447,2002,928,193,1121,1004,187,281,468,294,1589,1298
164465,2002,1618,,1618,1618,0,0,0,0,1618,1618
164474,2002,,,0,0,63,350,413,223,413,223
164492,2002,623,180,803,694,97,335,432,225,1235,919
164526,2002,477,42,519,493,17,6,23,19,542,512
164562,2002,2065,376,2441,2213,106,207,313,185,2754,2398
164571,2002,460,181,641,531,4,30,34,15,675,546
164580,2002,1735,,1735,1735,514,1158,1672,956,3407,2691
164599,2002,162,5,167,164,0,0,0,0,167,164
164614,2002,91,11,102,95,0,0,0,0,102,95
164632,2002,818,241,1059,913,35,13,48,40,1107,953
164641,2002,470,85,555,504,0,0,0,0,555,504
164678,2002,124,83,207,157,0,0,0,0,207,157
164720,2002,796,617,1413,1038,0,0,0,0,1413,1038
164739,2002,3834,491,4325,4027,388,935,1323,745,5648,4772
164748,2002,3146,398,3544,3302,0,0,0,0,3544,3302
164775,2002,932,1322,2254,1376,0,0,0,0,2254,1376
164845,2002,160,45,205,178,0,0,0,0,205,178
164872,2002,406,147,553,464,240,31,271,252,824,716
164915,2002,,,0,0,42,94,136,78,136,78
164924,2002,9162,526,9688,9369,2538,1885,4423,3260,14111,12629
164933,2002,383,11,394,387,106,13,119,111,513,498
164988,2002,16333,1527,17860,16933,7551,3571,11122,8919,28982,25852
165015,2002,3029,28,3057,3040,1284,511,1795,1479,4852,4519
165024,2002,5936,1498,7434,6541,288,1839,2127,953,9561,7494
165033,2002,2621,3725,6346,3872,0,0,0,0,6346,3872
165060,2002,118,200,318,197,0,0,0,0,318,197
165112,2002,2643,4568,7211,4177,0,0,0,0,7211,4177
165149,2002,64,,64,64,0,0,0,0,64,64
165167,2002,113,431,544,282,1212,1589,2801,1819,3345,2101
165194,2002,1317,2802,4119,2258,0,0,0,0,4119,2258
165255,2002,85,61,146,109,0,0,0,0,146,109
165264,2002,82,307,389,204,0,0,0,0,389,204
165334,2002,1968,199,2167,2046,486,382,868,632,3035,2678
165495,2002,,,0,0,18,0,18,18,18,18
165529,2002,1500,827,2327,1825,7,99,106,45,2433,1870
165556,2002,148,150,298,208,0,0,0,0,298,208
165574,2002,898,515,1413,1100,0,0,0,0,1413,1100
165608,2002,35,30,65,47,0,0,0,0,65,47
165635,2002,226,,226,226,0,0,0,0,226,226
165644,2002,1114,12,1126,1119,48,103,151,87,1277,1206
165662,2002,2935,583,3518,3164,794,217,1011,877,4529,4041
165671,2002,1003,460,1463,1184,10,163,173,72,1636,1256
165680,2002,97,37,134,112,0,0,0,0,134,112
165699,2002,1487,173,1660,1555,52,214,266,134,1926,1689
165705,2002,,,0,0,59,35,94,77,94,77
165750,2002,116,,116,116,0,0,0,0,116,116
165802,2002,783,512,1295,984,0,0,0,0,1295,984
165820,2002,2436,943,3379,2817,272,1398,1670,778,5049,3595
165866,2002,3160,892,4052,3520,189,1718,1907,810,5959,4330
165884,2002,368,14,382,374,0,0,0,0,382,374
165936,2002,1577,54,1631,1598,10,60,70,33,1701,1631
165945,2002,,,0,0,605,1140,1745,1087,1745,1087
165981,2002,988,1266,2254,1413,0,0,0,0,2254,1413
166009,2002,170,,170,170,0,0,0,0,170,170
166018,2002,1267,,1267,1267,0,0,0,0,1267,1267
166027,2002,7094,2680,9774,8147,11837,3358,15195,13123,24969,21270
166045,2002,2,4,6,4,18,174,192,84,198,88
166054,2002,62,,62,62,196,4,200,198,262,260
166063,2002,39,17,56,46,0,0,0,0,56,46
166124,2002,2779,22,2801,2788,0,0,0,0,2801,2788
166133,2002,3027,3090,6117,4064,0,0,0,0,6117,4064
166276,2002,870,,870,870,0,0,0,0,870,870
166294,2002,21,23,44,30,0,0,0,0,44,30
166319,2002,31,15,46,37,0,0,0,0,46,37
166328,2002,23,17,40,30,0,0,0,0,40,30
166391,2002,989,40,1029,1005,0,12,12,5,1041,1010
166407,2002,107,68,175,134,0,0,0,0,175,134
166452,2002,688,919,1607,1049,331,4926,5257,2213,6864,3262
166489,2002,38,6,44,40,86,38,124,101,168,141
166498,2002,20,39,59,35,0,0,0,0,59,35
166513,2002,5653,3681,9334,7138,833,1919,2752,1527,12086,8665
166586,2002,19,10,29,23,0,0,0,0,29,23
166595,2002,43,35,78,57,0,0,0,0,78,57
166601,2002,222,58,280,245,0,0,0,0,280,245
166629,2002,17213,1393,18606,17775,2215,3241,5456,3387,24062,21162
166638,2002,5643,4428,10071,7430,705,1943,2648,1408,12719,8838
166647,2002,2570,2424,4994,3384,0,0,0,0,4994,3384
166656,2002,1160,83,1243,1193,806,210,1016,904,2259,2097
166674,2002,1266,668,1934,1536,77,70,147,102,2081,1638
166683,2002,4109,69,4178,4136,5789,350,6139,5923,10317,10059
166692,2002,875,29,904,887,0,0,0,0,904,887
166708,2002,,,0,0,722,10,732,726,732,726
166717,2002,,,0,0,117,42,159,133,159,133
166805,2002,17,27,44,28,0,0,0,0,44,28
166823,2002,3200,3805,7005,4477,0,0,0,0,7005,4477
166850,2002,2020,531,2551,2229,1,23,24,10,2575,2239
166869,2002,,,0,0,317,243,560,410,560,410
166887,2002,3558,4421,7979,5042,0,0,0,0,7979,5042
166911,2002,388,24,412,397,0,0,0,0,412,397
166939,2002,2122,69,2191,2149,3,0,3,3,2194,2152
166948,2002,1118,134,1252,1171,0,0,0,0,1252,1171
166957,2002,1858,2103,3961,2564,0,0,0,0,3961,2564
166975,2002,,171,171,68,0,0,0,0,171,68
166984,2002,591,562,1153,812,97,0,97,97,1250,909
167020,2002,1466,,1466,1466,0,0,0,0,1466,1466
167039,2002,60,,60,60,0,0,0,0,60,60
167057,2002,368,13,381,373,378,21,399,386,780,759
167093,2002,,,0,0,409,2,411,410,411,410
167181,2002,,,0,0,217,66,283,242,283,242
167215,2002,,,0,0,660,340,1000,845,1000,845
167224,2002,152,1,153,152,0,0,0,0,153,152
167251,2002,656,812,1468,975,0,0,0,0,1468,975
167260,2002,848,721,1569,1131,22,314,336,142,1905,1273
167288,2002,1163,294,1457,1282,3,218,221,82,1678,1364
167297,2002,151,,151,151,0,0,0,0,151,151
167312,2002,2376,3730,6106,3628,0,0,0,0,6106,3628
167321,2002,720,317,1037,845,0,0,0,0,1037,845
167358,2002,14144,4850,18994,16049,2797,1566,4363,3395,23357,19444
167376,2002,2146,4475,6621,3648,0,0,0,0,6621,3648
167394,2002,487,208,695,569,34,120,154,80,849,649
167455,2002,447,8,455,450,0,0,0,0,455,450
167464,2002,,,0,0,70,0,70,70,70,70
167525,2002,1893,2750,4643,2816,0,0,0,0,4643,2816
167534,2002,2175,4447,6622,3668,0,0,0,0,6622,3668
167543,2002,135,35,170,149,0,0,0,0,170,149
167598,2002,574,199,773,652,60,212,272,141,1045,793
167631,2002,1215,1300,2515,1651,0,0,0,0,2515,1651
167677,2002,28,3,31,29,154,9,163,157,194,186
167729,2002,4517,1892,6409,5281,232,2149,2381,1009,8790,6290
167738,2002,289,192,481,365,0,0,0,0,481,365
167774,2002,266,,266,266,0,0,0,0,266,266
167783,2002,1482,125,1607,1531,644,1766,2410,1319,4017,2850
167792,2002,393,16,409,399,0,0,0,0,409,399
167835,2002,2601,46,2647,2619,429,32,461,441,3108,3060
167871,2002,113,29,142,125,0,0,0,0,142,125
167899,2002,3085,548,3633,3300,1029,426,1455,1192,5088,4492
167905,2002,2720,3562,6282,3916,0,0,0,0,6282,3916
167987,2002,6024,1285,7309,6543,321,492,813,499,8122,7042
167996,2002,2208,394,2602,2363,13,2,15,14,2617,2377
168005,2002,3039,822,3861,3362,1517,2133,3650,2434,7511,5796
168032,2002,52,,52,52,0,0,0,0,52,52
168148,2002,4827,83,4910,4860,3609,913,4522,3959,9432,8819
168218,2002,2220,80,2300,2251,0,0,0,0,2300,2251
168227,2002,2664,571,3235,2888,0,0,0,0,3235,2888
168254,2002,2185,966,3151,2564,289,1021,1310,716,4461,3280
168263,2002,3758,657,4415,4023,70,703,773,324,5188,4347
168272,2002,,,0,0,154,32,186,168,186,168
168281,2002,1505,16,1521,1511,0,0,0,0,1521,1511
168290,2002,583,9,592,587,200,175,375,267,967,854
168342,2002,1941,44,1985,1958,48,0,48,48,2033,2006
168421,2002,2698,103,2801,2738,360,676,1036,618,3837,3356
168430,2002,3124,1709,4833,3814,66,633,699,295,5532,4109
168519,2002,24,32,56,37,0,0,0,0,56,37
168528,2002,982,41,1023,998,0,0,0,0,1023,998
168546,2002,1619,39,1658,1634,0,0,0,0,1658,1634
168555,2002,22,41,63,38,0,0,0,0,63,38
168573,2002,255,9,264,259,0,0,0,0,264,259
168591,2002,1267,46,1313,1285,0,0,0,0,1313,1285
168607,2002,1007,1048,2055,1359,0,0,0,0,2055,1359
168740,2002,1424,233,1657,1516,592,530,1122,806,2779,2322
168786,2002,1546,445,1991,1721,217,371,588,359,2579,2080
168838,2002,1416,949,2365,1789,0,0,0,0,2365,1789
168847,2002,3021,2266,5287,3911,0,0,0,0,5287,3911
168883,2002,1280,1098,2378,1649,0,0,0,0,2378,1649
168892,2002,93,19,112,101,0,0,0,0,112,101
169080,2002,4071,215,4286,4155,3,35,38,16,4324,4171
169099,2002,,,0,0,192,88,280,229,280,229
169187,2002,67,177,244,137,0,0,0,0,244,137
169220,2002,,,0,0,80,5,85,82,85,82
169248,2002,16942,2754,19696,18053,2268,5955,8223,4422,27919,22475
169275,2002,3288,6506,9794,5472,0,0,0,0,9794,5472
169284,2002,143,28,171,154,0,0,0,0,171,154
169327,2002,476,104,580,517,29,0,29,29,609,546
169363,2002,457,55,512,479,31,5,36,33,548,512
169424,2002,,,0,0,144,0,144,144,144,144
169442,2002,1023,181,1204,1094,0,0,0,0,1204,1094
169479,2002,958,1117,2075,1397,32,107,139,73,2214,1470
169488,2002,364,640,1004,615,0,0,0,0,1004,615
169497,2002,477,711,1188,756,5,22,27,13,1215,769
169503,2002,127,,127,127,0,0,0,0,127,127
169521,2002,3671,6316,9987,5792,0,0,0,0,9987,5792
169567,2002,163,,163,163,0,0,0,0,163,163
169576,2002,35,57,92,58,0,0,0,0,92,58
169594,2002,1627,1141,2768,2075,90,221,311,174,3079,2249
169600,2002,1350,917,2267,1710,38,115,153,82,2420,1792
169628,2002,,,0,0,656,157,813,742,813,742
169655,2002,383,,383,383,0,0,0,0,383,383
169716,2002,1847,1696,3543,2513,950,1178,2128,1433,5671,3946
169734,2002,99,47,146,118,0,0,0,0,146,118
169761,2002,137,54,191,158,0,0,0,0,191,158
169798,2002,13259,5592,18851,15516,1272,4409,5681,2867,24532,18383
169831,2002,20,11,31,24,0,0,0,0,31,24
169910,2002,8083,2093,10176,8928,602,296,898,709,11074,9637
169947,2002,44,,44,44,0,0,0,0,44,44
169956,2002,34,,34,34,0,0,0,0,34,34
169974,2002,639,1024,1663,983,0,0,0,0,1663,983
169983,2002,2487,,2487,2487,13,666,679,267,3166,2754
169992,2002,586,593,1179,785,0,0,0,0,1179,785
170000,2002,136,9,145,140,0,0,0,0,145,140
170037,2002,1502,608,2110,1741,108,169,277,178,2387,1919
170046,2002,598,,598,598,0,0,0,0,598,598
170055,2002,5594,8283,13877,8375,0,0,0,0,13877,8375
170082,2002,14040,2835,16875,15184,641,2891,3532,1687,20407,16871
170091,2002,135,67,202,161,0,0,0,0,202,161
170240,2002,2994,7948,10942,5662,0,0,0,0,10942,5662
170301,2002,2893,142,3035,2949,0,0,0,0,3035,2949
170338,2002,10,65,75,36,0,0,0,0,75,36
170417,2002,500,85,585,534,0,0,0,0,585,534
170444,2002,1751,3863,5614,3048,0,0,0,0,5614,3048
170514,2002,65,,65,65,0,0,0,0,65,65
170532,2002,1265,,1265,1265,0,0,0,0,1265,1265
170541,2002,3595,6818,10413,5884,0,0,0,0,10413,5884
170550,2002,1757,6922,8679,4081,0,0,0,0,8679,4081
170587,2002,561,935,1496,875,0,0,0,0,1496,875
170611,2002,,161,161,64,0,0,0,0,161,64
170620,2002,1148,2438,3586,1967,0,0,0,0,3586,1967
170639,2002,2513,801,3314,2836,0,7,7,3,3321,2839
170657,2002,5777,12525,18302,9982,0,0,0,0,18302,9982
170675,2002,1585,1177,2762,2047,21,1235,1256,493,4018,2540
170693,2002,208,102,310,248,0,0,0,0,310,248
170736,2002,43,29,72,55,0,0,0,0,72,55
170790,2002,6672,15470,22142,11866,0,0,0,0,22142,11866
170806,2002,1363,1600,2963,1992,66,791,857,368,3820,2360
170824,2002,15,,15,15,0,0,0,0,15,15
170842,2002,406,460,866,587,5451,148,5599,5508,6465,6095
170967,2002,609,312,921,732,0,0,0,0,921,732
170976,2002,23267,1205,24472,23753,12356,2144,14500,13131,38972,36884
171012,2002,63,22,85,72,0,0,0,0,85,72
171100,2002,30997,4200,35197,32692,6051,3689,9740,7390,44937,40082
171128,2002,4929,980,5909,5324,551,159,710,609,6619,5933
171137,2002,3850,2511,6361,4863,195,1930,2125,893,8486,5756
171146,2002,3442,2435,5877,4425,80,477,557,253,6434,4678
171155,2002,476,2232,2708,1225,0,0,0,0,2708,1225
171225,2002,1397,2431,3828,2213,0,0,0,0,3828,2213
171234,2002,436,1206,1642,841,0,0,0,0,1642,841
171261,2002,62,35,97,76,0,0,0,0,97,76
171298,2002,2074,1348,3422,2604,0,0,0,0,3422,2604
171304,2002,1780,3050,4830,2804,0,0,0,0,4830,2804
171313,2002,573,,573,573,0,0,0,0,573,573
171322,2002,1046,,1046,1046,0,0,0,0,1046,1046
171395,2002,644,1903,2547,1283,0,0,0,0,2547,1283
171456,2002,7073,1040,8113,7493,264,639,903,495,9016,7988
171465,2002,20,,20,20,0,0,0,0,20,20
171483,2002,1792,2687,4479,2694,0,0,0,0,4479,2694
171492,2002,2202,1159,3361,2657,73,193,266,147,3627,2804
171535,2002,6760,16953,23713,12452,0,0,0,0,23713,12452
171571,2002,8904,3730,12634,10409,979,2446,3425,1864,16059,12273
171599,2002,857,52,909,877,23,8,31,26,940,903
171775,2002,41,44,85,58,0,0,0,0,85,58
171881,2002,214,63,277,239,0,0,0,0,277,239
171988,2002,87,,87,87,0,0,0,0,87,87
171997,2002,62,,62,62,0,0,0,0,62,62
172015,2002,86,,86,86,0,0,0,0,86,86
172033,2002,30,208,238,112,42,86,128,75,366,187
172051,2002,5232,2274,7506,6150,543,1140,1683,955,9189,7105
172121,2002,276,183,459,348,0,169,169,65,628,413
172200,2002,3207,6536,9743,5401,0,0,0,0,9743,5401
172264,2002,897,913,1810,1256,0,268,268,102,2078,1358
172291,2002,1693,2575,4268,2558,0,0,0,0,4268,2558
172307,2002,1060,1963,3023,1719,0,0,0,0,3023,1719
172325,2002,559,,559,559,0,0,0,0,559,559
172334,2002,1964,477,2441,2151,476,257,733,574,3174,2725
172422,2002,375,,375,375,0,0,0,0,375,375
172440,2002,199,50,249,219,0,0,0,0,249,219
172477,2002,,,0,0,369,1650,2019,1269,2019,1269
172486,2002,31,93,124,68,0,0,0,0,124,68
172495,2002,21,48,69,40,0,0,0,0,69,40
172556,2002,48,53,101,69,0,0,0,0,101,69
172574,2002,49,86,135,83,0,0,0,0,135,83
172583,2002,135,59,194,158,0,0,0,0,194,158
172608,2002,185,910,1095,542,122,1999,2121,886,3216,1428
172617,2002,3265,8720,11985,6193,0,0,0,0,11985,6193
172635,2002,1336,9798,11134,4626,0,0,0,0,11134,4626
172644,2002,9778,8629,18407,13260,6494,6266,12760,8809,31167,22069
172671,2002,524,810,1334,796,0,0,0,0,1334,796
172699,2002,20455,3188,23643,21741,978,5111,6089,2827,29732,24568
172705,2002,,,0,0,139,39,178,157,178,157
172778,2002,322,166,488,387,0,0,0,0,488,387
172802,2002,19,69,88,46,0,0,0,0,88,46
172866,2002,203,112,315,247,0,0,0,0,315,247
172918,2002,1604,694,2298,1837,0,0,0,0,2298,1837
172927,2002,27,7,34,30,0,0,0,0,34,30
172954,2002,989,1284,2273,1420,0,0,0,0,2273,1420
172963,2002,2812,3742,6554,4068,0,0,0,0,6554,4068
172972,2002,65,2,67,66,0,0,0,0,67,66
173045,2002,2256,507,2763,2455,143,88,231,177,2994,2632
173063,2002,1619,2238,3857,2370,0,0,0,0,3857,2370
173115,2002,3733,1372,5105,4194,0,0,0,0,5105,4194
173124,2002,3439,1133,4572,3896,20,301,321,129,4893,4025
173142,2002,423,33,456,436,0,0,0,0,456,436
173160,2002,2480,292,2772,2595,165,154,319,224,3091,2819
173179,2002,,,0,0,401,358,759,564,759,564
173203,2002,2083,1157,3240,2471,0,0,0,0,3240,2471
173258,2002,1916,16,1932,1922,0,0,0,0,1932,1922
173300,2002,2693,82,2775,2725,0,0,0,0,2775,2725
173328,2002,1444,233,1677,1536,244,0,244,244,1921,1780
173416,2002,1332,1823,3155,1944,0,0,0,0,3155,1944
173452,2002,1050,12,1062,1055,0,0,0,0,1062,1055
173461,2002,2114,2241,4355,2866,0,0,0,0,4355,2866
173470,2002,30,,30,30,0,0,0,0,30,30
173489,2002,172,59,231,195,0,0,0,0,231,195
173559,2002,937,802,1739,1206,0,0,0,0,1739,1206
173629,2002,433,446,879,608,0,0,0,0,879,608
173638,2002,1374,1707,3081,1947,0,0,0,0,3081,1947
173647,2002,2423,27,2450,2434,0,0,0,0,2450,2434
173665,2002,1807,111,1918,1851,845,1605,2450,1477,4368,3328
173708,2002,2056,3929,5985,3375,0,0,0,0,5985,3375
173726,2002,29,,29,29,0,0,0,0,29,29
173735,2002,1110,772,1882,1369,0,0,0,0,1882,1369
173744,2002,297,37,334,312,0,0,0,0,334,312
173799,2002,1906,3116,5022,2952,0,0,0,0,5022,2952
173805,2002,851,251,1102,935,0,0,0,0,1102,935
173887,2002,831,158,989,893,0,0,0,0,989,893
173896,2002,,,0,0,560,184,744,640,744,640
173902,2002,1795,45,1840,1813,0,0,0,0,1840,1813
173911,2002,1772,1583,3355,2303,0,0,0,0,3355,2303
173920,2002,10832,1255,12087,11338,554,1154,1708,971,13795,12309
173939,2002,162,,162,162,0,0,0,0,162,162
173957,2002,,,0,0,172,0,172,172,172,172
173966,2002,199,,199,199,181,7,188,184,387,383
173984,2002,538,314,852,661,256,112,368,299,1220,960
173993,2002,993,635,1628,1206,0,0,0,0,1628,1206
174020,2002,1831,4159,5990,3509,167,262,429,262,6419,3771
174066,2002,25393,7064,32457,28244,8487,7733,16220,11313,48677,39557
174075,2002,1079,1308,2387,1607,0,0,0,0,2387,1607
174118,2002,296,,296,296,0,0,0,0,296,296
174127,2002,556,40,596,572,38,15,53,44,649,616
174136,2002,3240,4351,7591,4701,0,0,0,0,7591,4701
174154,2002,210,122,332,258,0,0,0,0,332,258
174190,2002,25,,25,25,0,0,0,0,25,25
174206,2002,92,21,113,100,0,0,0,0,113,100
174233,2002,8162,958,9120,8549,334,361,695,465,9815,9014
174251,2002,1770,140,1910,1826,0,0,0,0,1910,1826
174279,2002,385,484,869,575,0,0,0,0,869,575
174321,2002,116,,116,116,0,0,0,0,116,116
174358,2002,6223,1095,7318,6665,98,322,420,214,7738,6879
174376,2002,2363,3673,6036,3596,0,0,0,0,6036,3596
174385,2002,139,62,201,163,0,0,0,0,201,163
174394,2002,1767,870,2637,2109,0,0,0,0,2637,2109
174428,2002,3753,4205,7958,5165,0,0,0,0,7958,5165
174437,2002,1172,93,1265,1209,0,0,0,0,1265,1209
174464,2002,172,135,307,226,0,0,0,0,307,226
174473,2002,984,1181,2165,1381,0,0,0,0,2165,1381
174482,2002,32,,32,32,0,0,0,0,32,32
174491,2002,1891,557,2448,2110,0,0,0,0,2448,2110
174507,2002,56,8,64,59,702,64,766,735,830,794
174516,2002,334,176,510,404,0,0,0,0,510,404
174525,2002,136,11,147,140,0,0,0,0,147,140
174534,2002,75,,75,75,0,0,0,0,75,75
174561,2002,183,23,206,192,0,0,0,0,206,192
174570,2002,210,622,832,419,0,0,0,0,832,419
174604,2002,246,174,420,304,0,0,0,0,420,304
174622,2002,231,130,361,283,0,0,0,0,361,283
174631,2002,204,142,346,260,0,0,0,0,346,260
174659,2002,985,890,1875,1284,0,0,0,0,1875,1284
174686,2002,23,1,24,23,0,0,0,0,24,23
174738,2002,3048,2476,5524,3879,0,0,0,0,5524,3879
174747,2002,2010,62,2072,2034,0,0,0,0,2072,2034
174756,2002,2099,1133,3232,2479,0,0,0,0,3232,2479
174765,2002,161,,161,161,0,0,0,0,161,161
174774,2002,9,,9,9,0,0,0,0,9,9
174783,2002,11944,2953,14897,13136,472,855,1327,781,16224,13917
174792,2002,1862,35,1897,1876,76,70,146,103,2043,1979
174817,2002,1363,291,1654,1477,437,2974,3411,1573,5065,3050
174844,2002,2973,68,3041,3000,0,0,0,0,3041,3000
174862,2002,765,133,898,817,8,6,14,10,912,827
174899,2002,1781,200,1981,1860,324,207,531,403,2512,2263
174914,2002,4756,673,5429,5020,948,4880,5828,2813,11257,7833
174932,2002,211,24,235,220,0,0,0,0,235,220
174978,2002,110,8,118,113,0,0,0,0,118,113
175005,2002,2315,1254,3569,2808,713,422,1135,874,4704,3682
175014,2002,244,139,383,299,0,0,0,0,383,299
175023,2002,5,,5,5,0,0,0,0,5,5
175041,2002,1495,3642,5137,2718,0,0,0,0,5137,2718
175078,2002,2310,2857,5167,3463,83,386,469,223,5636,3686
175120,2002,178,,178,178,0,0,0,0,178,178
175139,2002,,,0,0,76,160,236,146,236,146
175148,2002,42,9,51,46,0,0,0,0,51,46
175157,2002,621,340,961,735,0,0,0,0,961,735
175227,2002,1114,52,1166,1135,0,0,0,0,1166,1135
175236,2002,2443,1546,3989,2962,0,0,0,0,3989,2962
175272,2002,6437,847,7284,6779,137,510,647,321,7931,7100
175281,2002,,,0,0,559,479,1038,820,1038,820
175315,2002,3830,4348,8178,5290,0,0,0,0,8178,5290
175342,2002,2261,261,2522,2366,159,469,628,329,3150,2695
175421,2002,1624,124,1748,1673,244,29,273,255,2021,1928
175430,2002,302,87,389,336,0,0,0,0,389,336
175476,2002,13,,13,13,0,0,0,0,13,13
175494,2002,117,,117,117,0,0,0,0,117,117
175519,2002,1413,204,1617,1481,0,0,0,0,1617,1481
175528,2002,179,80,259,211,0,0,0,0,259,211
175564,2002,615,200,815,682,0,0,0,0,815,682
175573,2002,1689,444,2133,1838,0,0,0,0,2133,1838
175591,2002,54,,54,54,0,0,0,0,54,54
175607,2002,58,73,131,87,0,0,0,0,131,87
175616,2002,2590,630,3220,2844,202,405,607,348,3827,3192
175643,2002,1783,596,2379,1983,0,0,0,0,2379,1983
175652,2002,2068,1349,3417,2521,0,0,0,0,3417,2521
175698,2002,15,13,28,20,0,0,0,0,28,20
175713,2002,11,52,63,32,0,0,0,0,63,32
175722,2002,29,14,43,35,0,0,0,0,43,35
175786,2002,7027,6302,13329,9143,0,0,0,0,13329,9143
175810,2002,2589,973,3562,2916,0,0,0,0,3562,2916
175829,2002,2923,1251,4174,3343,0,0,0,0,4174,3343
175856,2002,5449,866,6315,5798,636,832,1468,937,7783,6735
175883,2002,3997,741,4738,4246,0,0,0,0,4738,4246
175917,2002,27,17,44,34,0,0,0,0,44,34
175926,2002,288,98,386,327,0,0,0,0,386,327
175935,2002,2434,895,3329,2734,0,0,0,0,3329,2734
175980,2002,1106,52,1158,1126,33,60,93,56,1251,1182
176008,2002,2978,356,3334,3098,0,0,0,0,3334,3098
176017,2002,9794,867,10661,10144,1749,725,2474,2012,13135,12156
176026,2002,391,35,426,405,1156,91,1247,1189,1673,1594
176035,2002,1468,489,1957,1665,61,87,148,92,2105,1757
176044,2002,2367,647,3014,2628,33,454,487,197,3501,2825
176053,2002,2020,249,2269,2118,466,492,958,656,3227,2774
176062,2002,46,,46,46,0,0,0,0,46,46
176071,2002,6224,3809,10033,7503,0,0,0,0,10033,7503
176080,2002,11629,1744,13373,12333,1632,1605,3237,2213,16610,14546
176169,2002,2736,382,3118,2864,0,0,0,0,3118,2864
176178,2002,4306,1550,5856,4826,0,0,0,0,5856,4826
176239,2002,2410,1029,3439,2755,0,0,0,0,3439,2755
176318,2002,722,221,943,809,0,0,0,0,943,809
176336,2002,62,52,114,82,0,0,0,0,114,82
176354,2002,1447,359,1806,1568,0,0,0,0,1806,1568
176372,2002,10802,1810,12612,11532,1354,1301,2655,1825,15267,13357
176390,2002,94,,94,94,0,0,0,0,94,94
176406,2002,791,62,853,815,0,0,0,0,853,815
176415,2002,28,5,33,30,0,0,0,0,33,30
176451,2002,,,0,0,57,45,102,79,102,79
176460,2002,53,16,69,59,0,0,0,0,69,59
176479,2002,1279,283,1562,1390,321,420,741,481,2303,1871
176497,2002,43,10,53,47,0,0,0,0,53,47
176549,2002,1126,,1126,1126,0,0,0,0,1126,1126
176600,2002,,,0,0,98,204,302,195,302,195
176619,2002,,,0,0,221,261,482,327,482,327
176628,2002,837,399,1236,994,69,441,510,237,1746,1231
176637,2002,575,71,646,603,0,0,0,0,646,603
176664,2002,594,59,653,617,55,43,98,71,751,688
176716,2002,59,,59,59,0,0,0,0,59,59
176734,2002,26,,26,26,0,0,0,0,26,26
176770,2002,202,243,445,297,0,0,0,0,445,297
176789,2002,196,62,258,220,13,38,51,29,309,249
176798,2002,78,50,128,98,0,0,0,0,128,98
176910,2002,222,14,236,227,0,0,0,0,236,227
176938,2002,742,75,817,771,0,0,0,0,817,771
176947,2002,1080,208,1288,1162,3,63,66,27,1354,1189
176965,2002,7247,1485,8732,7846,351,1230,1581,796,10313,8642
176983,2002,79,1,80,79,0,0,0,0,80,79
176992,2002,6,4,10,8,0,0,0,0,10,8
177038,2002,47,14,61,52,382,24,406,395,467,447
177056,2002,78,36,114,92,0,0,0,0,114,92
177065,2002,5288,3450,8738,6643,220,0,220,220,8958,6863
177074,2002,17,,17,17,0,0,0,0,17,17
177083,2002,88,12,100,93,0,0,0,0,100,93
177092,2002,,,0,0,540,59,599,564,599,564
177117,2002,296,9,305,300,0,0,0,0,305,300
177126,2002,,,0,0,345,517,862,556,862,556
177135,2002,1209,1135,2344,1590,0,0,0,0,2344,1590
177144,2002,753,75,828,782,0,0,0,0,828,782
177153,2002,141,178,319,211,0,0,0,0,319,211
177162,2002,1662,712,2374,1942,79,424,503,241,2877,2183
177214,2002,2452,1667,4119,3107,58,253,311,155,4430,3262
177250,2002,1428,1892,3320,2063,0,0,0,0,3320,2063
177278,2002,,,0,0,116,69,185,145,185,145
177287,2002,32,64,96,57,0,0,0,0,96,57
177302,2002,263,,263,263,0,0,0,0,263,263
177339,2002,1524,64,1588,1549,30,39,69,45,1657,1594
177418,2002,1172,439,1611,1344,334,399,733,486,2344,1830
177427,2002,,,0,0,215,28,243,226,243,226
177436,2002,38,1,39,38,0,0,0,0,39,38
177472,2002,3648,4482,8130,5153,0,0,0,0,8130,5153
177542,2002,745,372,1117,891,0,0,0,0,1117,891
177551,2002,672,1296,1968,1195,0,0,0,0,1968,1195
177579,2002,417,,417,417,0,0,0,0,417,417
177588,2002,55,,55,55,0,0,0,0,55,55
177603,2002,102,15,117,108,0,0,0,0,117,108
177676,2002,2124,1865,3989,2750,0,0,0,0,3989,2750
177685,2002,31,,31,31,0,0,0,0,31,31
177719,2002,177,386,563,329,37,40,77,52,640,381
177746,2002,535,40,575,551,0,0,0,0,575,551
177807,2002,15,,15,15,0,0,0,0,15,15
177816,2002,,,0,0,77,0,77,77,77,77
177834,2002,,,0,0,956,331,1287,1133,1287,1133
177870,2002,14,5,19,16,0,0,0,0,19,16
177922,2002,37,,37,37,0,0,0,0,37,37
177931,2002,38,4,42,40,0,0,0,0,42,40
177940,2002,1892,989,2881,2291,56,155,211,112,3092,2403
177968,2002,3789,659,4448,4048,759,1732,2491,1421,6939,5469
177977,2002,781,94,875,813,0,0,0,0,875,813
177986,2002,57,35,92,71,761,21,782,772,874,843
177995,2002,2223,3579,5802,3425,0,0,0,0,5802,3425
178004,2002,40,19,59,48,0,0,0,0,59,48
178022,2002,1977,2863,4840,2938,0,0,0,0,4840,2938
178031,2002,19,,19,19,0,0,0,0,19,19
178059,2002,1474,1236,2710,1960,196,359,555,333,3265,2293
178077,2002,70,,70,70,0,0,0,0,70,70
178110,2002,269,,269,269,0,0,0,0,269,269
178183,2002,121,47,168,140,0,0,0,0,168,140
178208,2002,11,38,49,26,262,164,426,344,475,370
178217,2002,1686,1407,3093,2158,0,0,0,0,3093,2158
178226,2002,309,69,378,336,0,0,0,0,378,336
178244,2002,928,1721,2649,1604,288,253,541,385,3190,1989
178262,2002,31,,31,31,0,0,0,0,31,31
178305,2002,510,,510,510,0,0,0,0,510,510
178314,2002,30,,30,30,0,0,0,0,30,30
178332,2002,28,,28,28,0,0,0,0,28,28
178341,2002,3816,1966,5782,4609,0,0,0,0,5782,4609
178350,2002,41,152,193,101,0,0,0,0,193,101
178369,2002,1353,247,1600,1450,0,0,0,0,1600,1450
178387,2002,3931,1266,5197,4442,0,0,0,0,5197,4442
178396,2002,18252,1446,19698,18836,3663,2763,6426,4677,26124,23513
178402,2002,4746,4124,8870,6410,2428,2583,5011,3375,13881,9785
178411,2002,3473,376,3849,3625,917,474,1391,1088,5240,4713
178420,2002,5643,7072,12715,8497,744,2199,2943,1539,15658,10036
178448,2002,1614,2010,3624,2289,0,0,0,0,3624,2289
178457,2002,7,2,9,8,0,0,0,0,9,8
178466,2002,130,7,137,132,0,0,0,0,137,132
178484,2002,164,,164,164,0,0,0,0,164,164
178518,2002,,,0,0,256,58,314,283,314,283
178527,2002,30,,30,30,0,0,0,0,30,30
178563,2002,76,15,91,81,0,0,0,0,91,81
178606,2002,42,12,54,47,0,0,0,0,54,47
178615,2002,5496,143,5639,5554,181,151,332,236,5971,5790
178624,2002,4927,674,5601,5199,174,739,913,441,6514,5640
178679,2002,680,108,788,722,0,0,0,0,788,722
178697,2002,1255,87,1342,1289,0,0,0,0,1342,1289
178721,2002,1000,8870,9870,4485,3,250,253,99,10123,4584
178767,2002,101,89,190,136,0,0,0,0,190,136
178785,2002,1470,3056,4526,2496,0,0,0,0,4526,2496
178828,2002,24,,24,24,0,0,0,0,24,24
178891,2002,979,587,1566,1210,0,0,0,0,1566,1210
178989,2002,168,,168,168,0,23,23,9,191,177
178998,2002,7,,7,7,0,0,0,0,7,7
179025,2002,29,,29,29,0,0,0,0,29,29
179043,2002,1113,907,2020,1469,273,577,850,493,2870,1962
179052,2002,245,5,250,247,0,0,0,0,250,247
179070,2002,392,255,647,492,0,0,0,0,647,492
179113,2002,5491,7116,12607,7880,0,0,0,0,12607,7880
179159,2002,6031,3886,9917,7558,2485,1602,4087,3134,14004,10692
179195,2002,32,,32,32,0,0,0,0,32,32
179201,2002,393,35,428,407,0,0,0,0,428,407
179229,2002,30,,30,30,0,0,0,0,30,30
179238,2002,48,17,65,55,0,0,0,0,65,55
179256,2002,158,74,232,187,0,0,0,0,232,187
179265,2002,822,10,832,826,67,8,75,70,907,896
179292,2002,2762,4527,7289,4282,0,0,0,0,7289,4282
179308,2002,2385,5225,7610,4139,0,0,0,0,7610,4139
179317,2002,,,0,0,152,167,319,231,319,231
179326,2002,1855,810,2665,2173,96,775,871,392,3536,2565
179344,2002,864,856,1720,1151,0,0,0,0,1720,1151
179399,2002,33,,33,33,0,0,0,0,33,33
179450,2002,101,16,117,107,0,0,0,0,117,107
179511,2002,405,10,415,409,0,0,0,0,415,409
179539,2002,1638,1652,3290,2193,0,0,0,0,3290,2193
179548,2002,426,170,596,493,37,19,56,44,652,537
179557,2002,6431,1920,8351,7206,192,990,1182,550,9533,7756
179566,2002,12312,3136,15448,13578,964,2306,3270,1798,18718,15376
179645,2002,1360,1479,2839,1857,0,0,0,0,2839,1857
179715,2002,704,734,1438,950,0,0,0,0,1438,950
179724,2002,33,18,51,40,0,0,0,0,51,40
179742,2002,,,0,0,27,0,27,27,27,27
179812,2002,,,0,0,911,0,911,911,911,911
179867,2002,5835,1384,7219,6379,4131,1417,5548,4672,12767,11051
179894,2002,2473,1362,3835,3008,4080,9334,13414,7646,17249,10654
179919,2002,154,138,292,209,0,0,0,0,292,209
179946,2002,758,27,785,769,0,0,0,0,785,769
179955,2002,1148,282,1430,1259,0,0,0,0,1430,1259
179964,2002,788,124,912,837,896,5,901,898,1813,1735
179991,2002,17,,17,17,0,0,0,0,17,17
180045,2002,521,99,620,554,0,0,0,0,620,554
180054,2002,330,88,418,365,0,0,0,0,418,365
180063,2002,36,,36,36,0,0,0,0,36,36
180081,2002,210,51,261,227,0,0,0,0,261,227
180106,2002,1143,198,1341,1221,0,0,0,0,1341,1221
180124,2002,37,,37,37,0,0,0,0,37,37
180142,2002,8,,8,8,0,0,0,0,8,8
180151,2002,325,179,504,385,0,0,0,0,504,385
180160,2002,100,168,268,156,0,0,0,0,268,156
180179,2002,2562,799,3361,2884,164,262,426,259,3787,3143
180197,2002,937,1124,2061,1314,0,0,0,0,2061,1314
180203,2002,110,48,158,126,0,0,0,0,158,126
180212,2002,293,150,443,343,0,0,0,0,443,343
180249,2002,642,735,1377,889,0,0,0,0,1377,889
180258,2002,465,254,719,565,42,60,102,65,821,630
180276,2002,564,298,862,664,0,0,0,0,862,664
180328,2002,211,64,275,232,0,0,0,0,275,232
180373,2002,364,116,480,403,0,0,0,0,480,403
180391,2002,45,,45,45,0,0,0,0,45,45
180416,2002,1504,300,1804,1625,50,46,96,67,1900,1692
180461,2002,9210,1388,10598,9770,541,702,1243,795,11841,10565
180489,2002,9685,1467,11152,10277,1139,735,1874,1407,13026,11684
180522,2002,1100,304,1404,1223,14,109,123,53,1527,1276
180595,2002,763,44,807,780,0,0,0,0,807,780
180629,2002,4,,4,4,0,0,0,0,4,4
180638,2002,6,,6,6,0,0,0,0,6,6
180647,2002,584,525,1109,790,0,0,0,0,1109,790
180692,2002,866,276,1142,977,0,0,0,0,1142,977
180717,2002,40,17,57,47,0,0,0,0,57,47
180771,2002,91,5,96,93,0,0,0,0,96,93
180814,2002,2202,1169,3371,2661,476,260,736,575,4107,3236
180832,2002,260,161,421,323,4,82,86,35,507,358
180878,2002,204,,204,204,0,0,0,0,204,204
180902,2002,2094,4323,6417,3545,0,0,0,0,6417,3545
180948,2002,1774,618,2392,2023,48,272,320,146,2712,2169
180957,2002,26,,26,26,0,0,0,0,26,26
180984,2002,1201,119,1320,1248,36,69,105,62,1425,1310
181002,2002,3279,328,3607,3408,2235,485,2720,2452,6327,5860
181011,2002,566,14,580,571,0,0,0,0,580,571
181020,2002,1368,226,1594,1457,232,437,669,399,2263,1856
181093,2002,361,121,482,409,29,47,76,47,558,456
181127,2002,1005,28,1033,1016,29,16,45,35,1078,1051
181136,2002,18,,18,18,0,0,0,0,18,18
181145,2002,27,,27,27,0,0,0,0,27,27
181190,2002,187,,187,187,0,0,0,0,187,187
181215,2002,4768,598,5366,5009,202,827,1029,501,6395,5510
181242,2002,479,,479,479,0,0,0,0,479,479
181251,2002,12,,12,12,0,0,0,0,12,12
181297,2002,225,79,304,256,25,14,39,30,343,286
181303,2002,4265,7988,12253,6947,0,0,0,0,12253,6947
181312,2002,1069,1951,3020,1724,0,0,0,0,3020,1724
181330,2002,920,33,953,933,0,0,0,0,953,933
181376,2002,152,15,167,158,0,0,0,0,167,158
181394,2002,8270,3063,11333,9506,730,2388,3118,1594,14451,11100
181400,2002,466,124,590,515,0,0,0,0,590,515
181419,2002,55,63,118,80,0,0,0,0,118,80
181428,2002,622,77,699,653,1744,376,2120,1882,2819,2535
181446,2002,1425,138,1563,1479,0,125,125,48,1688,1527
181464,2002,16287,1831,18118,17026,2609,2261,4870,3429,22988,20455
181491,2002,1833,2999,4832,2840,0,0,0,0,4832,2840
181534,2002,884,598,1482,1125,6,199,205,78,1687,1203
181543,2002,30,16,46,36,0,0,0,0,46,36
181604,2002,580,272,852,687,0,0,0,0,852,687
181640,2002,4810,4102,8912,6187,0,0,0,0,8912,6187
181738,2002,810,141,951,865,0,0,0,0,951,865
181756,2002,181,,181,181,0,0,0,0,181,181
181765,2002,245,8,253,248,0,0,0,0,253,248
181783,2002,2522,221,2743,2611,39,438,477,197,3220,2808
181792,2002,50,,50,50,0,0,0,0,50,50
181817,2002,931,1221,2152,1341,0,0,0,0,2152,1341
181853,2002,433,29,462,444,0,0,0,0,462,444
181880,2002,82,42,124,99,0,0,0,0,124,99
181941,2002,257,,257,257,0,0,0,0,257,257
182005,2002,7051,25085,32136,15473,0,0,0,0,32136,15473
182111,2002,355,,355,355,0,0,0,0,355,355
182148,2002,412,239,651,507,0,0,0,0,651,507
182209,2002,167,,167,167,0,0,0,0,167,167
182281,2002,13391,6371,19762,15962,1620,3297,4917,2857,24679,18819
182290,2002,9032,2720,11752,10130,1315,2026,3341,2048,15093,12178
182306,2002,677,1837,2514,1418,0,0,0,0,2514,1418
182430,2002,68,51,119,88,3,6,9,5,128,93
182458,2002,275,55,330,297,86,163,249,148,579,445
182485,2002,58,,58,58,0,0,0,0,58,58
182500,2002,2269,8015,10284,4960,0,0,0,0,10284,4960
182564,2002,859,3982,4841,2196,0,0,0,0,4841,2196
182634,2002,915,25,940,925,0,0,0,0,940,925
182652,2002,30,,30,30,0,0,0,0,30,30
182661,2002,840,218,1058,926,0,0,0,0,1058,926
182670,2002,4028,51,4079,4048,1424,90,1514,1459,5593,5507
182704,2002,31,46,77,49,0,0,0,0,77,49
182722,2002,28,34,62,41,0,0,0,0,62,41
182795,2002,1541,33,1574,1554,0,0,0,0,1574,1554
182810,2002,439,638,1077,690,68,210,278,148,1355,838
182829,2002,,,0,0,438,29,467,451,467,451
182865,2002,1880,980,2860,2265,0,0,0,0,2860,2265
182883,2002,20,,20,20,0,0,0,0,20,20
182892,2002,43,,43,43,0,0,0,0,43,43
182908,2002,5,3,8,6,0,0,0,0,8,6
182917,2002,81,,81,81,0,0,0,0,81,81
182944,2002,1212,,1212,1212,0,0,0,0,1212,1212
182953,2002,51,62,113,76,0,0,0,0,113,76
182980,2002,792,44,836,809,45,81,126,76,962,885
182999,2002,42,8,50,45,0,0,0,0,50,45
183026,2002,2734,1493,4227,3321,755,1044,1799,1154,6026,4475
183044,2002,11166,1357,12523,11714,1047,1837,2884,1711,15407,13425
183062,2002,4112,570,4682,4342,48,223,271,129,4953,4471
183080,2002,3519,271,3790,3628,50,789,839,335,4629,3963
183099,2002,1464,2303,3767,2237,0,0,0,0,3767,2237
183105,2002,645,1307,1952,1084,0,0,0,0,1952,1084
183132,2002,805,4024,4829,2156,0,0,0,0,4829,2156
183141,2002,685,2913,3598,1663,0,0,0,0,3598,1663
183202,2002,33,,33,33,0,0,0,0,33,33
183211,2002,798,691,1489,1069,154,688,842,417,2331,1486
183239,2002,1878,78,1956,1909,0,0,0,0,1956,1909
183248,2002,14,111,125,58,0,0,0,0,125,58
183257,2002,85,1681,1766,763,0,57,57,21,1823,784
183275,2002,77,,77,77,0,0,0,0,77,77
183345,2002,146,22,168,155,0,0,0,0,168,155
183488,2002,317,123,440,366,0,0,0,0,440,366
183600,2002,7,17,24,14,0,0,0,0,24,14
183655,2002,2516,3457,5973,3677,0,0,0,0,5973,3677
183725,2002,318,,318,318,0,0,0,0,318,318
183743,2002,6606,6864,13470,8910,0,0,0,0,13470,8910
183789,2002,1872,327,2199,2000,0,0,0,0,2199,2000
183804,2002,1789,13,1802,1794,1678,317,1995,1799,3797,3593
183822,2002,1416,468,1884,1600,0,0,0,0,1884,1600
183831,2002,83,168,251,150,0,0,0,0,251,150
183859,2002,6372,6084,12456,8415,0,0,0,0,12456,8415
183877,2002,3145,3719,6864,4394,0,0,0,0,6864,4394
183901,2002,97,,97,97,0,0,0,0,97,97
183910,2002,1077,784,1861,1385,72,285,357,181,2218,1566
183938,2002,6831,6973,13804,9172,0,0,0,0,13804,9172
183974,2002,1212,337,1549,1344,73,235,308,163,1857,1507
183983,2002,48,,48,48,0,0,0,0,48,48
184010,2002,120,,120,120,0,0,0,0,120,120
184047,2002,292,449,741,470,0,0,0,0,741,470
184056,2002,474,,474,474,0,0,0,0,474,474
184135,2002,360,1,361,360,0,0,0,0,361,360
184144,2002,50,17,67,57,0,0,0,0,67,57
184153,2002,28,,28,28,0,0,0,0,28,28
184180,2002,4339,4253,8592,5767,0,0,0,0,8592,5767
184205,2002,1451,1467,2918,1944,0,0,0,0,2918,1944
184269,2002,2047,1221,3268,2527,0,0,0,0,3268,2527
184278,2002,70,,70,70,0,0,0,0,70,70
184320,2002,275,,275,275,0,0,0,0,275,275
184348,2002,1510,48,1558,1529,452,477,929,637,2487,2166
184357,2002,15,1,16,15,0,0,0,0,16,15
184427,2002,86,21,107,94,0,0,0,0,107,94
184481,2002,4387,4197,8584,5796,0,0,0,0,8584,5796
184506,2002,60,67,127,87,0,0,0,0,127,87
184603,2002,4009,3155,7164,5248,984,2220,3204,1832,10368,7080
184612,2002,989,537,1526,1200,0,40,40,15,1566,1215
184746,2002,8,5,13,10,0,0,0,0,13,10
184773,2002,1273,612,1885,1513,102,884,986,440,2871,1953
184782,2002,6685,1639,8324,7346,167,1194,1361,599,9685,7945
184791,2002,2817,2607,5424,3692,0,0,0,0,5424,3692
184816,2002,90,58,148,113,0,0,0,0,148,113
184870,2002,93,8,101,96,0,0,0,0,101,96
184959,2002,266,115,381,312,0,0,0,0,381,312
184968,2002,131,13,144,136,0,0,0,0,144,136
184995,2002,3644,1954,5598,4300,0,0,0,0,5598,4300
185129,2002,4099,2084,6183,4940,107,2807,2914,1122,9097,6062
185174,2002,52,,52,52,0,0,0,0,52,52
185235,2002,364,363,727,508,0,0,0,0,727,508
185244,2002,1512,,1512,1512,0,0,0,0,1512,1512
185262,2002,7067,2903,9970,8238,515,2294,2809,1345,12779,9583
185332,2002,164,32,196,177,0,0,0,0,196,177
185396,2002,813,226,1039,903,0,0,0,0,1039,903
185466,2002,119,31,150,131,0,0,0,0,150,131
185509,2002,3232,5424,8656,5053,0,0,0,0,8656,5053
185536,2002,5530,6101,11631,7578,0,0,0,0,11631,7578
185572,2002,3805,518,4323,4008,434,1278,1712,922,6035,4930
185590,2002,8440,2499,10939,9448,720,3014,3734,1810,14673,11258
185624,2002,114,,114,114,0,0,0,0,114,114
185651,2002,49,52,101,70,0,0,0,0,101,70
185679,2002,73,229,302,164,0,0,0,0,302,164
185721,2002,279,,279,279,0,0,0,0,279,279
185730,2002,67,54,121,88,0,0,0,0,121,88
185758,2002,,,0,0,72,195,267,172,267,172
185767,2002,193,,193,193,0,0,0,0,193,193
185828,2002,4238,1492,5730,4840,1310,1788,3098,1957,8828,6797
185873,2002,3790,4310,8100,5237,0,0,0,0,8100,5237
185916,2002,132,28,160,143,0,0,0,0,160,143
185934,2002,45,41,86,61,0,0,0,0,86,61
185970,2002,102,26,128,112,0,0,0,0,128,112
186016,2002,107,94,201,144,0,0,0,0,201,144
186034,2002,1768,4249,6017,3195,0,0,0,0,6017,3195
186052,2002,247,118,365,294,0,0,0,0,365,294
186122,2002,,,0,0,604,142,746,659,746,659
186131,2002,4635,,4635,4635,2011,0,2011,2011,6646,6646
186186,2002,249,1,250,249,0,0,0,0,250,249
186201,2002,3809,1334,5143,4347,21,330,351,140,5494,4487
186274,2002,54,94,148,91,0,0,0,0,148,91
186283,2002,3479,805,4284,3795,244,941,1185,604,5469,4399
186335,2002,124,39,163,139,0,0,0,0,163,139
186371,2002,2911,889,3800,3270,684,764,1448,1006,5248,4276
186380,2002,25478,2592,28070,26524,2997,4819,7816,4745,35886,31269
186399,2002,4934,1772,6706,5649,1346,2294,3640,2223,10346,7872
186405,2002,12,,12,12,0,0,0,0,12,12
186423,2002,50,,50,50,0,0,0,0,50,50
186432,2002,1898,491,2389,2091,125,540,665,331,3054,2422
186469,2002,536,758,1294,790,0,0,0,0,1294,790
186584,2002,4441,639,5080,4692,1779,2737,4516,2881,9596,7573
186593,2002,18,,18,18,0,0,0,0,18,18
186618,2002,657,546,1203,871,42,492,534,230,1737,1101
186645,2002,2347,3840,6187,3636,0,0,0,0,6187,3636
186830,2002,124,52,176,145,0,0,0,0,176,145
186849,2002,284,127,411,334,0,0,0,0,411,334
186867,2002,1716,11,1727,1720,616,2184,2800,1450,4527,3170
186876,2002,5154,1107,6261,5601,89,188,277,157,6538,5758
186885,2002,110,,110,110,0,0,0,0,110,110
186900,2002,20,,20,20,0,0,0,0,20,20
187000,2002,139,,139,139,0,0,0,0,139,139
187046,2002,,9012,9012,3637,0,213,213,77,9225,3714
187134,2002,5641,330,5971,5774,134,843,977,439,6948,6213
187161,2002,261,139,400,316,0,0,0,0,400,316
187198,2002,5168,4287,9455,6607,0,0,0,0,9455,6607
187222,2002,586,202,788,668,3210,682,3892,3457,4680,4125
187444,2002,7190,2008,9198,8000,326,1400,1726,832,10924,8832
187505,2002,94,27,121,105,0,0,0,0,121,105
187514,2002,17,,17,17,0,0,0,0,17,17
187532,2002,6350,13668,20018,10939,0,0,0,0,20018,10939
187596,2002,258,25,283,268,0,0,0,0,283,268
187602,2002,112,,112,112,0,0,0,0,112,112
187620,2002,1475,3703,5178,2718,0,0,0,0,5178,2718
187639,2002,1039,1799,2838,1643,0,0,0,0,2838,1643
187648,2002,2540,460,3000,2726,159,448,607,321,3607,3047
187666,2002,1426,2234,3660,2176,0,0,0,0,3660,2176
187675,2002,41,,41,41,0,0,0,0,41,41
187745,2002,138,17,155,145,0,0,0,0,155,145
187897,2002,1196,636,1832,1453,442,1197,1639,875,3471,2328
187903,2002,1197,2208,3405,1938,0,0,0,0,3405,1938
187912,2002,427,,427,427,0,0,0,0,427,427
187958,2002,972,1828,2800,1586,0,0,0,0,2800,1586
187967,2002,1039,318,1357,1167,242,84,326,272,1683,1439
187976,2002,224,623,847,433,0,0,0,0,847,433
187985,2002,13284,3882,17166,14851,3322,4105,7427,4822,24593,19673
187994,2002,692,1030,1722,1038,0,0,0,0,1722,1038
188003,2002,536,587,1123,733,0,0,0,0,1123,733
188021,2002,280,381,661,408,0,0,0,0,661,408
188030,2002,10522,2009,12531,11333,1371,1341,2712,1856,15243,13189
188049,2002,806,805,1611,1076,0,0,0,0,1611,1076
188058,2002,629,1635,2264,1178,0,0,0,0,2264,1178
188100,2002,2333,2327,4660,3114,0,0,0,0,4660,3114
188137,2002,897,3028,3925,1914,0,0,0,0,3925,1914
188146,2002,692,700,1392,967,162,164,326,225,1718,1192
188182,2002,404,233,637,496,83,166,249,146,886,642
188207,2002,,,0,0,74,78,152,104,152,104
188216,2002,614,163,777,669,0,0,0,0,777,669
188225,2002,330,1275,1605,758,0,0,0,0,1605,758
188261,2002,194,213,407,266,0,0,0,0,407,266
188304,2002,1424,684,2108,1700,89,459,548,255,2656,1955
188340,2002,1014,302,1316,1133,0,0,0,0,1316,1133
188429,2002,3063,683,3746,3331,738,2509,3247,1697,6993,5028
188438,2002,1909,1533,3442,2424,0,0,0,0,3442,2424
188465,2002,479,37,516,494,0,0,0,0,516,494
188517,2002,288,80,368,320,0,0,0,0,368,320
188526,2002,619,4,623,621,149,1,150,150,773,771
188535,2002,,,0,0,744,69,813,781,813,781
188580,2002,,,0,0,639,6,645,641,645,641
188641,2002,1282,77,1359,1312,118,126,244,166,1603,1478
188650,2002,457,,457,457,0,0,0,0,457,457
188669,2002,73,,73,73,0,0,0,0,73,73
188678,2002,181,,181,181,0,0,0,0,181,181
188687,2002,123,,123,123,0,0,0,0,123,123
188696,2002,33,,33,33,0,0,0,0,33,33
188854,2002,627,,627,627,0,0,0,0,627,627
188890,2002,816,443,1259,992,0,0,0,0,1259,992
188915,2002,59,2,61,60,0,0,0,0,61,60
188924,2002,7,,7,7,0,0,0,0,7,7
188942,2002,138,,138,138,0,0,0,0,138,138
188988,2002,67,4,71,69,0,0,0,0,71,69
189015,2002,,,0,0,360,635,995,603,995,603
189088,2002,1460,53,1513,1481,185,15,200,191,1713,1672
189097,2002,2244,53,2297,2265,0,0,0,0,2297,2265
189103,2002,43,,43,43,0,0,0,0,43,43
189158,2002,42,,42,42,0,0,0,0,42,42
189219,2002,245,24,269,255,0,0,0,0,269,255
189228,2002,1598,209,1807,1680,0,0,0,0,1807,1680
189246,2002,547,82,629,579,0,0,0,0,629,579
189264,2002,70,,70,70,0,0,0,0,70,70
189273,2002,104,,104,104,39,0,39,39,143,143
189282,2002,32,93,125,69,0,0,0,0,125,69
189404,2002,85,48,133,104,0,0,0,0,133,104
189413,2002,1182,,1182,1182,35,0,35,35,1217,1217
189422,2002,446,67,513,473,0,0,0,0,513,473
189459,2002,2212,530,2742,2420,0,0,0,0,2742,2420
189468,2002,85,45,130,103,0,0,0,0,130,103
189501,2002,,,0,0,1185,345,1530,1373,1530,1373
189547,2002,4153,2411,6564,4962,0,0,0,0,6564,4962
189556,2002,215,90,305,251,0,0,0,0,305,251
189565,2002,295,31,326,307,0,0,0,0,326,307
189574,2002,468,56,524,490,0,0,0,0,524,490
189583,2002,497,42,539,514,0,0,0,0,539,514
189592,2002,143,43,186,160,0,0,0,0,186,160
189653,2002,133,8,141,136,0,0,0,0,141,136
189705,2002,3015,414,3429,3178,786,815,1601,1097,5030,4275
189714,2002,31,44,75,48,0,0,0,0,75,48
189787,2002,833,114,947,878,0,0,0,0,947,878
189802,2002,4,,4,4,60,0,60,60,64,64
189811,2002,70,38,108,85,0,0,0,0,108,85
189839,2002,1770,1409,3179,2243,0,0,0,0,3179,2243
189848,2002,774,230,1004,864,0,0,0,0,1004,864
189857,2002,492,,492,492,50,0,50,50,542,542
189954,2002,21,,21,21,0,0,0,0,21,21
189981,2002,,,0,0,26,69,95,53,95,53
190008,2002,91,,91,91,0,0,0,0,91,91
190044,2002,2728,28,2756,2739,336,15,351,342,3107,3081
190053,2002,1259,933,2192,1572,0,0,0,0,2192,1572
190071,2002,56,53,109,77,0,0,0,0,109,77
190080,2002,,,0,0,92,51,143,116,143,116
190099,2002,2784,43,2827,2801,3,7,10,6,2837,2807
190114,2002,1352,28,1380,1363,278,7,285,281,1665,1644
190150,2002,6079,909,6988,6436,11607,1988,13595,12368,20583,18804
190169,2002,938,777,1715,1199,0,0,0,0,1715,1199
190239,2002,116,123,239,165,0,0,0,0,239,165
190248,2002,556,65,621,582,0,0,0,0,621,582
190293,2002,33,48,81,52,0,0,0,0,81,52
190309,2002,15,26,41,25,0,0,0,0,41,25
190318,2002,101,83,184,134,0,0,0,0,184,134
190372,2002,907,,907,907,22,17,39,28,946,935
190381,2002,44,,44,44,0,0,0,0,44,44
190415,2002,8506,7,8513,8509,4049,4,4053,4051,12566,12560
190424,2002,92,,92,92,662,0,662,662,754,754
190433,2002,5197,,5197,5197,1785,0,1785,1785,6982,6982
190442,2002,2437,1491,3928,2938,0,0,0,0,3928,2938
190451,2002,120,86,206,154,0,0,0,0,206,154
190503,2002,2294,,2294,2294,0,0,0,0,2294,2294
190512,2002,9024,3629,12653,10488,946,1762,2708,1583,15361,12071
190521,2002,10946,6689,17635,13192,0,0,0,0,17635,13192
190530,2002,4300,3004,7304,5309,0,0,0,0,7304,5309
190549,2002,7329,3438,10767,8716,361,4507,4868,1991,15635,10707
190558,2002,6775,3841,10616,8325,104,1369,1473,599,12089,8924
190567,2002,5592,2955,8547,6784,268,3162,3430,1412,11977,8196
190576,2002,,,0,0,3373,501,3874,3554,3874,3554
190585,2002,2680,990,3670,3012,0,0,0,0,3670,3012
190594,2002,10126,5368,15494,12292,918,4195,5113,2435,20607,14727
190600,2002,7877,3266,11143,9195,313,957,1270,659,12413,9854
190619,2002,7827,7305,15132,10280,0,0,0,0,15132,10280
190628,2002,7452,5147,12599,9180,0,0,0,0,12599,9180
190637,2002,4272,3050,7322,5503,115,2073,2188,865,9510,6368
190646,2002,2677,2196,4873,3563,0,0,0,0,4873,3563
190655,2002,7245,4454,11699,9042,0,0,0,0,11699,9042
190664,2002,7690,4322,12012,9434,396,4196,4592,1914,16604,11348
190673,2002,6074,5630,11704,7964,0,0,0,0,11704,7964
190682,2002,,,0,0,461,1,462,462,462,462
190691,2002,3180,2534,5714,4203,0,0,0,0,5714,4203
190707,2002,12,,12,12,0,0,0,0,12,12
190716,2002,745,163,908,809,1114,443,1557,1283,2465,2092
190725,2002,1563,324,1887,1690,50,90,140,84,2027,1774
190734,2002,42,,42,42,10,0,10,10,52,52
190761,2002,896,650,1546,1151,33,78,111,63,1657,1214
190770,2002,1879,907,2786,2235,428,2482,2910,1376,5696,3611
190789,2002,245,36,281,259,0,0,0,0,281,259
190798,2002,291,105,396,333,0,0,0,0,396,333
190804,2002,366,,366,366,0,0,0,0,366,366
190840,2002,3434,4022,7456,4784,0,0,0,0,7456,4784
190956,2002,59,26,85,69,0,0,0,0,85,69
190974,2002,249,59,308,272,0,0,0,0,308,272
190983,2002,1242,305,1547,1362,18,280,298,125,1845,1487
191083,2002,7662,3881,11543,8965,0,0,0,0,11543,8965
191126,2002,6502,4256,10758,8219,42,55,97,62,10855,8281
191153,2002,18,,18,18,0,0,0,0,18,18
191199,2002,2356,2599,4955,3229,0,0,0,0,4955,3229
191205,2002,1015,52,1067,1035,9,71,80,36,1147,1071
191241,2002,6559,669,7228,6822,3336,3754,7090,4830,14318,11652
191287,2002,126,178,304,197,0,0,0,0,304,197
191302,2002,1315,635,1950,1528,0,0,0,0,1950,1528
191311,2002,62,,62,62,0,0,0,0,62,62
191320,2002,,,0,0,163,36,199,182,199,182
191339,2002,2480,2720,5200,3393,0,0,0,0,5200,3393
191384,2002,139,,139,139,0,0,0,0,139,139
191393,2002,198,,198,198,0,0,0,0,198,198
191515,2002,1830,20,1850,1838,0,0,0,0,1850,1838
191533,2002,1270,127,1397,1320,0,0,0,0,1397,1320
191597,2002,150,157,307,212,0,0,0,0,307,212
191612,2002,2016,1061,3077,2372,0,0,0,0,3077,2372
191621,2002,642,322,964,768,0,0,0,0,964,768
191630,2002,1874,19,1893,1881,0,0,0,0,1893,1881
191649,2002,8314,1155,9469,8768,1605,2338,3943,2512,13412,11280
191676,2002,1326,70,1396,1353,0,0,0,0,1396,1353
191719,2002,6144,5064,11208,7844,0,0,0,0,11208,7844
191728,2002,246,,246,246,0,0,0,0,246,246
191764,2002,84,163,247,149,0,0,0,0,247,149
191834,2002,369,141,510,425,0,0,0,0,510,425
191870,2002,1891,,1891,1891,0,0,0,0,1891,1891
191931,2002,2974,490,3464,3166,68,917,985,418,4449,3584
191940,2002,38,42,80,55,0,0,0,0,80,55
191959,2002,229,,229,229,0,0,0,0,229,229
191968,2002,6065,125,6190,6114,200,41,241,216,6431,6330
191986,2002,2274,1238,3512,2690,0,0,0,0,3512,2690
192004,2002,272,6,278,274,0,0,0,0,278,274
192022,2002,1874,1765,3639,2467,0,0,0,0,3639,2467
192040,2002,173,27,200,184,233,204,437,314,637,498
192110,2002,485,201,686,564,331,31,362,343,1048,907
192147,2002,3544,,3544,3544,0,0,0,0,3544,3544
192156,2002,336,15,351,342,0,0,0,0,351,342
192165,2002,116,,116,116,116,0,116,116,232,232
192192,2002,1057,51,1108,1077,0,20,20,8,1128,1085
192244,2002,22,,22,22,4,0,4,4,26,26
192271,2002,397,8,405,400,0,0,0,0,405,400
192323,2002,2228,257,2485,2329,63,740,803,346,3288,2675
192439,2002,4376,991,5367,4765,1208,1461,2669,1769,8036,6534
192448,2002,3943,2971,6914,5110,1068,2662,3730,2085,10644,7195
192466,2002,1209,1861,3070,1940,82,183,265,152,3335,2092
192475,2002,47,67,114,74,0,0,0,0,114,74
192484,2002,65,71,136,93,0,0,0,0,136,93
192509,2002,80,89,169,115,0,0,0,0,169,115
192536,2002,23,,23,23,0,0,0,0,23,23
192554,2002,,,0,0,80,402,482,234,482,234
192563,2002,26,37,63,41,210,739,949,492,1012,533
192624,2002,137,,137,137,0,0,0,0,137,137
192688,2002,580,122,702,628,0,0,0,0,702,628
192703,2002,2653,156,2809,2714,67,332,399,194,3208,2908
192712,2002,388,23,411,397,438,14,452,443,863,840
192749,2002,1483,133,1616,1535,179,771,950,474,2566,2009
192785,2002,281,440,721,456,0,0,0,0,721,456
192800,2002,26,,26,26,0,0,0,0,26,26
192819,2002,4286,580,4866,4514,145,855,1000,472,5866,4986
192828,2002,52,23,75,61,0,0,0,0,75,61
192855,2002,912,149,1061,971,0,0,0,0,1061,971
192864,2002,1621,702,2323,1897,0,0,0,0,2323,1897
192925,2002,1467,163,1630,1531,214,156,370,274,2000,1805
192961,2002,33,56,89,55,0,0,0,0,89,55
192970,2002,9,,9,9,0,0,0,0,9,9
192998,2002,32,16,48,38,0,0,0,0,48,38
193016,2002,4444,2482,6926,5419,947,1970,2917,1700,9843,7119
193052,2002,192,33,225,205,111,6,117,114,342,319
193061,2002,37,,37,37,8,0,8,8,45,45
193070,2002,52,,52,52,15,0,15,15,67,67
193089,2002,54,21,75,62,0,0,0,0,75,62
193186,2002,57,25,82,67,0,0,0,0,82,67
193201,2002,483,1,484,483,0,0,0,0,484,483
193247,2002,285,,285,285,53,0,53,53,338,338
193265,2002,65,10,75,69,0,0,0,0,75,69
193283,2002,3859,2091,5950,4561,0,0,0,0,5950,4561
193292,2002,1499,684,2183,1768,92,490,582,279,2765,2047
193308,2002,3386,509,3895,3586,0,0,0,0,3895,3586
193317,2002,1027,261,1288,1130,0,0,0,0,1288,1130
193326,2002,8634,7418,16052,11124,0,0,0,0,16052,11124
193353,2002,1577,462,2039,1758,37,465,502,215,2541,1973
193380,2002,39,48,87,58,0,0,0,0,87,58
193399,2002,1012,193,1205,1088,35,328,363,160,1568,1248
193405,2002,,,0,0,625,0,625,625,625,625
193478,2002,13214,8025,21239,15908,0,0,0,0,21239,15908
193584,2002,1728,241,1969,1823,267,910,1177,615,3146,2438
193609,2002,95,,95,95,0,0,0,0,95,95
193645,2002,4461,789,5250,4771,228,1675,1903,868,7153,5639
193654,2002,3666,1260,4926,4161,2141,1112,3253,2566,8179,6727
193672,2002,72,36,108,86,0,0,0,0,108,86
193751,2002,,,0,0,691,1,692,692,692,692
193788,2002,634,23,657,643,0,0,0,0,657,643
193821,2002,,,0,0,1093,417,1510,1320,1510,1320
193830,2002,,,0,0,930,496,1426,1120,1426,1120
193858,2002,220,145,365,278,0,0,0,0,365,278
193894,2002,,,0,0,177,118,295,235,295,235
193900,2002,17475,2015,19490,18267,10569,8037,18606,13650,38096,31917
193946,2002,3145,1936,5081,3795,0,0,0,0,5081,3795
193973,2002,2504,131,2635,2555,465,346,811,597,3446,3152
193991,2002,19,16,35,25,0,0,0,0,35,25
194028,2002,928,409,1337,1065,0,0,0,0,1337,1065
194073,2002,,,0,0,294,5,299,297,299,297
194091,2002,2277,801,3078,2592,1761,1369,3130,2284,6208,4876
194107,2002,1367,409,1776,1528,388,314,702,508,2478,2036
194116,2002,569,358,927,710,0,0,0,0,927,710
194152,2002,689,31,720,702,86,9,95,89,815,791
194161,2002,1769,221,1990,1856,190,438,628,375,2618,2231
194189,2002,102,,102,102,0,0,0,0,102,102
194204,2002,111,27,138,122,0,0,0,0,138,122
194222,2002,4273,3932,8205,5593,0,0,0,0,8205,5593
194240,2002,2933,3119,6052,3980,0,0,0,0,6052,3980
194259,2002,34,,34,34,0,0,0,0,34,34
194310,2002,6922,2228,9150,7797,1643,3303,4946,2952,14096,10749
194392,2002,887,39,926,902,0,0,0,0,926,902
194435,2002,50,62,112,75,0,0,0,0,112,75
194453,2002,125,,125,125,0,0,0,0,125,125
194499,2002,737,,737,737,0,0,0,0,737,737
194541,2002,1578,107,1685,1620,564,783,1347,863,3032,2483
194569,2002,225,62,287,249,0,0,0,0,287,249
194578,2002,2855,269,3124,2961,928,387,1315,1076,4439,4037
194611,2002,448,8,456,451,0,0,0,0,456,451
194657,2002,229,,229,229,103,0,103,103,332,332
194666,2002,236,,236,236,46,0,46,46,282,282
194675,2002,117,,117,117,37,0,37,37,154,154
194693,2002,31,,31,31,1,0,1,1,32,32
194709,2002,96,,96,96,3,0,3,3,99,99
194718,2002,27,,27,27,5,0,5,5,32,32
194736,2002,133,,133,133,0,0,0,0,133,133
194763,2002,305,,305,305,137,0,137,137,442,442
194824,2002,5080,56,5136,5102,1408,1126,2534,1838,7670,6940
194879,2002,90,55,145,112,0,0,0,0,145,112
194958,2002,1149,117,1266,1195,267,302,569,382,1835,1577
194967,2002,1336,352,1688,1476,0,0,0,0,1688,1476
195003,2002,10410,1869,12279,11144,1087,1268,2355,1571,14634,12715
195030,2002,4448,247,4695,4545,2750,1071,3821,3159,8516,7704
195049,2002,,,0,0,176,0,176,176,176,176
195058,2002,3697,2852,6549,4655,0,0,0,0,6549,4655
195067,2002,290,127,417,340,0,0,0,0,417,340
195128,2002,716,71,787,744,0,0,0,0,787,744
195137,2002,570,530,1100,778,250,703,953,519,2053,1297
195155,2002,,,0,0,2,176,178,73,178,73
195164,2002,2115,114,2229,2160,212,278,490,318,2719,2478
195173,2002,2037,475,2512,2224,0,0,0,0,2512,2224
195191,2002,179,105,284,221,0,0,0,0,284,221
195216,2002,2114,36,2150,2128,26,117,143,71,2293,2199
195234,2002,2461,463,2924,2643,581,1119,1700,1009,4624,3652
195243,2002,1295,765,2060,1596,68,166,234,131,2294,1727
195289,2002,64,64,128,89,0,0,0,0,128,89
195304,2002,1166,60,1226,1190,229,101,330,268,1556,1458
195322,2002,1874,1790,3664,2475,0,0,0,0,3664,2475
195429,2002,,,0,0,40,110,150,82,150,82
195438,2002,173,,173,173,20,0,20,20,193,193
195474,2002,2946,459,3405,3126,0,0,0,0,3405,3126
195492,2002,9,3,12,10,0,0,0,0,12,10
195526,2002,2267,239,2506,2361,0,51,51,19,2557,2380
195544,2002,541,579,1120,768,43,35,78,56,1198,824
195562,2002,2504,1017,3521,2904,16,116,132,60,3653,2964
195571,2002,,,0,0,71,78,149,101,149,101
195580,2002,,,0,0,62,19,81,71,81,71
195623,2002,11,42,53,28,0,0,0,0,53,28
195669,2002,27,,27,27,0,0,0,0,27,27
195687,2002,134,51,185,154,0,0,0,0,185,154
195702,2002,17,,17,17,0,0,0,0,17,17
195720,2002,2075,355,2430,2214,133,504,637,326,3067,2540
195784,2002,44,45,89,62,0,0,0,0,89,62
195793,2002,16,,16,16,0,0,0,0,16,16
195809,2002,11799,2909,14708,12942,1643,2937,4580,2807,19288,15749
195845,2002,475,77,552,506,0,0,0,0,552,506
195924,2002,226,36,262,240,0,0,0,0,262,240
195933,2002,161,145,306,219,0,0,0,0,306,219
195988,2002,1128,610,1738,1333,0,0,0,0,1738,1333
196006,2002,2932,364,3296,3079,0,0,0,0,3296,3079
196015,2002,1956,466,2422,2144,0,0,0,0,2422,2144
196024,2002,2034,359,2393,2179,0,0,0,0,2393,2179
196033,2002,2268,172,2440,2337,0,0,0,0,2440,2337
196042,2002,3565,2233,5798,4466,0,0,0,0,5798,4466
196051,2002,2795,540,3335,3013,0,0,0,0,3335,3013
196060,2002,10865,1088,11953,11304,2266,3207,5473,3426,17426,14730
196079,2002,10015,313,10328,10141,1589,1182,2771,2017,13099,12158
196088,2002,15409,1645,17054,16073,5738,3376,9114,6962,26168,23035
196097,2002,12724,1500,14224,13329,4125,3640,7765,5442,21989,18771
196103,2002,1175,137,1312,1230,290,307,597,401,1909,1631
196112,2002,1201,773,1974,1513,177,477,654,350,2628,1863
196121,2002,6018,941,6959,6398,360,1543,1903,918,8862,7316
196130,2002,7902,1593,9495,8545,481,1827,2308,1142,11803,9687
196149,2002,5493,260,5753,5598,278,1413,1691,789,7444,6387
196158,2002,4672,228,4900,4764,107,294,401,213,5301,4977
196167,2002,5272,115,5387,5318,61,220,281,141,5668,5459
196176,2002,5336,851,6187,5679,525,1307,1832,998,8019,6677
196185,2002,5281,196,5477,5360,61,190,251,130,5728,5490
196194,2002,6646,691,7337,6925,354,1025,1379,725,8716,7650
196200,2002,3381,181,3562,3454,511,372,883,646,4445,4100
196219,2002,3178,735,3913,3475,131,12,143,135,4056,3610
196228,2002,,,0,0,290,0,290,290,290,290
196237,2002,2396,751,3147,2699,0,0,0,0,3147,2699
196246,2002,5027,432,5459,5201,269,510,779,453,6238,5654
196255,2002,141,121,262,190,913,255,1168,1005,1430,1195
196264,2002,2529,6581,9110,5185,28,337,365,150,9475,5335
196291,2002,727,20,747,735,73,91,164,106,911,841
196307,2002,163,99,262,203,791,83,874,821,1136,1024
196389,2002,530,191,721,606,0,0,0,0,721,606
196413,2002,11577,1068,12645,11997,3228,2731,5959,4278,18604,16275
196431,2002,331,,331,331,0,0,0,0,331,331
196440,2002,13,,13,13,7,1,8,7,21,20
196459,2002,361,,361,361,0,0,0,0,361,361
196468,2002,,,0,0,2557,2554,5111,3533,5111,3533
196477,2002,3525,318,3843,3651,0,0,0,0,3843,3651
196565,2002,1971,1114,3085,2345,0,0,0,0,3085,2345
196583,2002,180,,180,180,5,0,5,5,185,185
196592,2002,7418,1671,9089,8074,2486,4366,6852,4224,15941,12298
196644,2002,22,18,40,29,0,0,0,0,40,29
196653,2002,476,266,742,582,0,0,0,0,742,582
196662,2002,10,9,19,14,0,0,0,0,19,14
196680,2002,,20105,20105,7898,0,387,387,148,20492,8046
196699,2002,1473,1550,3023,1993,0,0,0,0,3023,1993
196857,2002,423,280,703,534,0,0,0,0,703,534
196866,2002,2127,20,2147,2135,176,189,365,248,2512,2383
196884,2002,,,0,0,159,94,253,197,253,197
197018,2002,1348,,1348,1348,126,0,126,126,1474,1474
197027,2002,905,,905,905,0,0,0,0,905,905
197036,2002,4041,,4041,4041,0,0,0,0,4041,4041
197045,2002,1874,303,2177,1993,48,167,215,112,2392,2105
197081,2002,339,132,471,391,0,0,0,0,471,391
197133,2002,2411,61,2472,2435,0,0,0,0,2472,2435
197142,2002,301,120,421,349,0,0,0,0,421,349
197151,2002,2872,1834,4706,3592,256,64,320,280,5026,3872
197197,2002,1738,67,1805,1764,168,207,375,247,2180,2011
197221,2002,67,,67,67,0,0,0,0,67,67
197230,2002,421,16,437,427,0,0,0,0,437,427
197285,2002,1041,34,1075,1054,0,0,0,0,1075,1054
197294,2002,4998,6857,11855,7300,0,0,0,0,11855,7300
197337,2002,26,34,60,39,0,0,0,0,60,39
197522,2002,400,,400,400,0,0,0,0,400,400
197531,2002,546,,546,546,0,0,0,0,546,546
197601,2002,81,,81,81,6,0,6,6,87,87
197610,2002,61,2,63,62,19,1,20,19,83,81
197647,2002,129,1,130,129,29,19,48,36,178,165
197674,2002,191,,191,191,38,0,38,38,229,229
197692,2002,99,,99,99,85,0,85,85,184,184
197708,2002,2720,78,2798,2751,2572,619,3191,2823,5989,5574
197735,2002,338,,338,338,109,0,109,109,447,447
197744,2002,145,,145,145,33,3,36,34,181,179
197814,2002,858,1715,2573,1434,0,0,0,0,2573,1434
197832,2002,416,226,642,506,0,0,0,0,642,506
197850,2002,762,1304,2066,1200,0,0,0,0,2066,1200
197869,2002,11658,1194,12852,12140,640,686,1326,888,14178,13028
197887,2002,2042,3585,5627,3246,0,0,0,0,5627,3246
197902,2002,53,32,85,66,0,0,0,0,85,66
197911,2002,986,259,1245,1088,0,0,0,0,1245,1088
197948,2002,604,12,616,609,0,0,0,0,616,609
197957,2002,37,37,74,52,0,0,0,0,74,52
197966,2002,757,933,1690,1070,0,0,0,0,1690,1070
197984,2002,783,100,883,822,0,0,0,0,883,822
197993,2002,481,5,486,483,0,0,0,0,486,483
198011,2002,733,515,1248,906,0,0,0,0,1248,906
198039,2002,767,1260,2027,1190,0,0,0,0,2027,1190
198066,2002,617,47,664,635,0,0,0,0,664,635
198075,2002,155,,155,155,0,0,0,0,155,155
198084,2002,524,493,1017,690,0,0,0,0,1017,690
198109,2002,227,154,381,287,0,0,0,0,381,287
198118,2002,1650,1887,3537,2284,0,0,0,0,3537,2284
198136,2002,4017,1114,5131,4455,948,607,1555,1188,6686,5643
198154,2002,3416,3378,6794,4550,0,0,0,0,6794,4550
198206,2002,663,1041,1704,1013,0,0,0,0,1704,1013
198215,2002,1493,46,1539,1511,0,19,19,7,1558,1518
198233,2002,1839,2571,4410,2702,0,0,0,0,4410,2702
198242,2002,89,48,137,108,0,0,0,0,137,108
198251,2002,1763,2751,4514,2687,0,0,0,0,4514,2687
198260,2002,5481,10418,15899,8979,0,0,0,0,15899,8979
198303,2002,746,46,792,764,0,0,0,0,792,764
198321,2002,1040,1568,2608,1566,0,0,0,0,2608,1566
198330,2002,1903,2141,4044,2622,0,0,0,0,4044,2622
198349,2002,39,,39,39,0,0,0,0,39,39
198367,2002,904,1844,2748,1523,0,0,0,0,2748,1523
198376,2002,836,1777,2613,1433,0,0,0,0,2613,1433
198385,2002,1643,1,1644,1643,0,0,0,0,1644,1643
198419,2002,6147,59,6206,6170,5958,324,6282,6084,12488,12254
198455,2002,1464,4178,5642,2867,0,0,0,0,5642,2867
198464,2002,14982,1243,16225,15484,1792,2560,4352,2718,20577,18202
198491,2002,903,1371,2274,1363,0,0,0,0,2274,1363
198507,2002,1858,275,2133,1969,2,15,17,7,2150,1976
198516,2002,4165,105,4270,4206,62,100,162,100,4432,4306
198525,2002,69,5,74,71,0,0,0,0,74,71
198534,2002,3897,5550,9447,5760,0,0,0,0,9447,5760
198543,2002,3466,862,4328,3814,159,821,980,456,5308,4270
198552,2002,2519,4161,6680,3916,0,0,0,0,6680,3916
198561,2002,2259,388,2647,2411,183,975,1158,573,3805,2984
198570,2002,2050,2370,4420,2846,0,0,0,0,4420,2846
198589,2002,43,27,70,54,0,0,0,0,70,54
198598,2002,891,287,1178,1004,0,27,27,10,1205,1014
198613,2002,1483,318,1801,1608,0,0,0,0,1801,1608
198622,2002,3385,5147,8532,5113,0,0,0,0,8532,5113
198631,2002,41,,41,41,0,0,0,0,41,41
198640,2002,916,797,1713,1184,0,0,0,0,1713,1184
198668,2002,821,1061,1882,1177,0,0,0,0,1882,1177
198677,2002,55,21,76,63,0,0,0,0,76,63
198695,2002,2314,245,2559,2410,30,161,191,92,2750,2502
198710,2002,947,1062,2009,1304,0,0,0,0,2009,1304
198729,2002,731,740,1471,979,0,0,0,0,1471,979
198747,2002,106,45,151,124,0,0,0,0,151,124
198756,2002,1390,147,1537,1448,0,0,0,0,1537,1448
198774,2002,1674,1977,3651,2338,0,0,0,0,3651,2338
198808,2002,823,41,864,839,0,0,0,0,864,839
198817,2002,1252,1016,2268,1593,0,0,0,0,2268,1593
198835,2002,1181,177,1358,1251,24,110,134,66,1492,1317
198844,2002,65,31,96,77,0,0,0,0,96,77
198862,2002,980,23,1003,989,78,22,100,90,1103,1079
198871,2002,374,13,387,379,0,0,0,0,387,379
198899,2002,1097,179,1276,1167,0,0,0,0,1276,1167
198905,2002,408,369,777,532,0,0,0,0,777,532
198914,2002,511,906,1417,815,0,0,0,0,1417,815
198923,2002,592,638,1230,806,0,0,0,0,1230,806
198941,2002,38,71,109,62,0,0,0,0,109,62
198950,2002,1697,478,2175,1885,15,138,153,68,2328,1953
198969,2002,1676,485,2161,1867,19,0,19,19,2180,1886
198978,2002,450,132,582,502,0,0,0,0,582,502
198987,2002,929,1162,2091,1319,0,0,0,0,2091,1319
198996,2002,96,,96,96,0,0,0,0,96,96
199005,2002,47,,47,47,0,0,0,0,47,47
199014,2002,53,,53,53,0,0,0,0,53,53
199023,2002,402,441,843,550,0,0,0,0,843,550
199032,2002,913,17,930,920,66,74,140,94,1070,1014
199069,2002,1768,447,2215,1944,0,0,0,0,2215,1944
199078,2002,45,,45,45,0,0,0,0,45,45
199087,2002,767,1634,2401,1316,0,0,0,0,2401,1316
199096,2002,36,14,50,42,0,0,0,0,50,42
199102,2002,7197,785,7982,7514,579,554,1133,779,9115,8293
199111,2002,2576,775,3351,2889,5,35,40,18,3391,2907
199120,2002,15139,822,15961,15471,6563,3504,10067,7859,26028,23330
199139,2002,11832,3532,15364,13257,946,2606,3552,1889,18916,15146
199148,2002,9135,1757,10892,9844,1241,2320,3561,2080,14453,11924
199157,2002,3720,1042,4762,4140,745,1012,1757,1113,6519,5253
199184,2002,723,15,738,729,77,2,79,78,817,807
199193,2002,18683,4096,22779,20336,3548,3310,6858,4745,29637,25081
199209,2002,746,1212,1958,1222,0,0,0,0,1958,1222
199218,2002,8787,1165,9952,9257,275,691,966,525,10918,9782
199263,2002,197,184,381,259,0,0,0,0,381,259
199272,2002,625,24,649,634,0,0,0,0,649,634
199281,2002,3032,919,3951,3403,56,425,481,210,4432,3613
199306,2002,965,177,1142,1035,108,642,750,353,1892,1388
199315,2002,201,60,261,225,2,10,12,6,273,231
199324,2002,826,1363,2189,1284,0,0,0,0,2189,1284
199333,2002,2792,3005,5797,3801,0,0,0,0,5797,3801
199351,2002,91,100,191,131,0,0,0,0,191,131
199412,2002,767,438,1205,939,158,390,548,307,1753,1246
199421,2002,809,1378,2187,1272,0,0,0,0,2187,1272
199449,2002,898,776,1674,1159,0,0,0,0,1674,1159
199458,2002,156,27,183,167,0,0,0,0,183,167
199467,2002,530,464,994,686,0,0,0,0,994,686
199476,2002,1324,893,2217,1624,0,0,0,0,2217,1624
199485,2002,891,1013,1904,1231,0,0,0,0,1904,1231
199494,2002,1826,2924,4750,2808,0,0,0,0,4750,2808
199582,2002,1418,84,1502,1451,0,0,0,0,1502,1451
199607,2002,674,199,873,752,3,151,154,61,1027,813
199625,2002,709,893,1602,1009,0,0,0,0,1602,1009
199634,2002,1759,1708,3467,2332,0,0,0,0,3467,2332
199643,2002,2173,362,2535,2315,93,55,148,122,2683,2437
199689,2002,75,20,95,83,0,0,0,0,95,83
199698,2002,535,78,613,566,0,0,0,0,613,566
199713,2002,96,62,158,121,0,0,0,0,158,121
199722,2002,863,1069,1932,1222,0,0,0,0,1932,1222
199731,2002,627,1036,1663,975,0,0,0,0,1663,975
199740,2002,813,965,1778,1137,0,0,0,0,1778,1137
199759,2002,282,170,452,349,1080,447,1527,1284,1979,1633
199768,2002,1676,1812,3488,2284,0,0,0,0,3488,2284
199786,2002,1363,2785,4148,2298,0,0,0,0,4148,2298
199795,2002,551,683,1234,780,0,0,0,0,1234,780
199838,2002,1748,2464,4212,2575,0,0,0,0,4212,2575
199847,2002,3926,119,4045,3973,2082,283,2365,2191,6410,6164
199856,2002,3864,6700,10564,6113,0,0,0,0,10564,6113
199865,2002,769,9,778,773,59,0,59,59,837,832
199883,2002,104,,104,104,0,0,0,0,104,104
199892,2002,1620,1629,3249,2167,0,0,0,0,3249,2167
199908,2002,1310,1460,2770,1800,0,0,0,0,2770,1800
199926,2002,1514,1123,2637,1891,0,0,0,0,2637,1891
199953,2002,879,926,1805,1190,0,0,0,0,1805,1190
199962,2002,1280,48,1328,1299,3,102,105,42,1433,1341
199980,2002,37,,37,37,0,0,0,0,37,37
199999,2002,2760,636,3396,3017,39,60,99,61,3495,3078
200004,2002,4947,718,5665,5237,440,928,1368,776,7033,6013
200013,2002,80,11,91,84,0,0,0,0,91,84
200022,2002,2151,1017,3168,2492,0,0,0,0,3168,2492
200059,2002,1675,651,2326,1938,0,0,0,0,2326,1938
200086,2002,177,72,249,201,0,0,0,0,249,201
200110,2002,58,,58,58,0,0,0,0,58,58
200129,2002,47,,47,47,0,0,0,0,47,47
200156,2002,1128,57,1185,1150,0,0,0,0,1185,1150
200165,2002,110,,110,110,0,0,0,0,110,110
200192,2002,402,938,1340,717,0,0,0,0,1340,717
200208,2002,105,55,160,123,0,0,0,0,160,123
200217,2002,1942,153,2095,2002,276,170,446,341,2541,2343
200226,2002,579,167,746,646,0,0,0,0,746,646
200244,2002,93,6,99,95,0,0,0,0,99,95
200253,2002,2538,887,3425,2896,75,125,200,120,3625,3016
200262,2002,6,,6,6,0,0,0,0,6,6
200280,2002,9263,1014,10277,9672,1081,1065,2146,1466,12423,11138
200305,2002,1871,568,2439,2062,0,0,0,0,2439,2062
200314,2002,396,213,609,468,0,0,0,0,609,468
200332,2002,8708,1166,9874,9179,396,876,1272,713,11146,9892
200341,2002,561,209,770,631,0,0,0,0,770,631
200387,2002,47,,47,47,0,0,0,0,47,47
200466,2002,159,55,214,177,0,0,0,0,214,177
200484,2002,257,30,287,269,0,0,0,0,287,269
200527,2002,574,323,897,704,0,0,0,0,897,704
200554,2002,324,139,463,379,0,0,0,0,463,379
200572,2002,778,244,1022,876,0,0,0,0,1022,876
200590,2002,233,41,274,249,0,0,0,0,274,249
200624,2002,88,,88,88,0,0,0,0,88,88
200633,2002,67,58,125,90,0,0,0,0,125,90
200721,2002,89,221,310,177,0,0,0,0,310,177
200785,2002,226,8,234,229,0,0,0,0,234,229
200794,2002,66,,66,66,0,0,0,0,66,66
200800,2002,12598,5821,18419,14947,2243,1943,4186,2952,22605,17899
200828,2002,55,32,87,68,0,0,0,0,87,68
200837,2002,1,1,2,1,0,0,0,0,2,1
200846,2002,877,821,1698,1153,0,0,0,0,1698,1153
200873,2002,43,27,70,54,0,0,0,0,70,54
201007,2002,654,15,669,660,0,0,0,0,669,660
201016,2002,253,115,368,299,0,0,0,0,368,299
201034,2002,2112,,2112,2112,0,0,0,0,2112,2112
201061,2002,176,12,188,181,0,9,9,3,197,184
201070,2002,32,,32,32,0,0,0,0,32,32
201098,2002,47,24,71,57,0,0,0,0,71,57
201104,2002,2340,408,2748,2500,1530,2152,3682,2363,6430,4863
201131,2002,121,40,161,137,0,0,0,0,161,137
201140,2002,90,38,128,105,95,59,154,118,282,223
201159,2002,117,232,349,209,0,0,0,0,349,209
201177,2002,171,14,185,177,0,0,0,0,185,177
201195,2002,3046,864,3910,3385,187,622,809,425,4719,3810
201229,2002,12,,12,12,0,0,0,0,12,12
201283,2002,1095,579,1674,1289,0,0,0,0,1674,1289
201371,2002,986,67,1053,1012,32,25,57,42,1110,1054
201399,2002,209,48,257,228,0,0,0,0,257,228
201432,2002,806,850,1656,1091,2,49,51,20,1707,1111
201441,2002,14615,1088,15703,15054,1481,1589,3070,2056,18773,17110
201469,2002,138,101,239,178,0,0,0,0,239,178
201478,2002,175,178,353,246,0,0,0,0,353,246
201487,2002,6,,6,6,0,0,0,0,6,6
201496,2002,331,,331,331,0,0,0,0,331,331
201539,2002,72,30,102,84,0,0,0,0,102,84
201548,2002,2075,710,2785,2354,670,492,1162,913,3947,3267
201584,2002,34,,34,34,0,0,0,0,34,34
201609,2002,33,11,44,37,0,0,0,0,44,37
201618,2002,47,,47,47,0,0,0,0,47,47
201627,2002,19,22,41,28,0,0,0,0,41,28
201645,2002,3157,300,3457,3275,3674,1966,5640,4427,9097,7702
201654,2002,2841,145,2986,2898,0,14,14,5,3000,2903
201672,2002,880,1345,2225,1332,0,0,0,0,2225,1332
201681,2002,85,,85,85,0,0,0,0,85,85
201690,2002,1278,148,1426,1338,1,13,14,6,1440,1344
201742,2002,52,4,56,54,0,0,0,0,56,54
201751,2002,139,134,273,192,0,0,0,0,273,192
201803,2002,218,,218,218,0,0,0,0,218,218
201821,2002,170,67,237,197,0,0,0,0,237,197
201858,2002,502,114,616,547,119,177,296,191,912,738
201867,2002,83,,83,83,0,0,0,0,83,83
201885,2002,15310,3894,19204,16881,4884,2464,7348,5777,26552,22658
201928,2002,2998,4541,7539,4523,0,0,0,0,7539,4523
201946,2002,1376,1032,2408,1722,0,0,0,0,2408,1722
201955,2002,1901,2114,4015,2611,0,0,0,0,4015,2611
201964,2002,272,45,317,290,0,0,0,0,317,290
201973,2002,1433,1669,3102,1993,0,0,0,0,3102,1993
201982,2002,47,,47,47,0,0,0,0,47,47
201991,2002,26,17,43,33,0,0,0,0,43,33
202019,2002,3,12,15,8,3,109,112,45,127,53
202046,2002,604,32,636,617,5,0,5,5,641,622
202055,2002,180,,180,180,0,0,0,0,180,180
202073,2002,228,,228,228,149,10,159,153,387,381
202134,2002,6994,3359,10353,8350,2063,3555,5618,3362,15971,11712
202152,2002,96,307,403,218,0,0,0,0,403,218
202161,2002,220,,220,220,0,0,0,0,220,220
202170,2002,1323,257,1580,1424,0,0,0,0,1580,1424
202189,2002,356,55,411,378,0,0,0,0,411,378
202204,2002,330,,330,330,0,0,0,0,330,330
202222,2002,8670,13552,22222,13220,0,0,0,0,22222,13220
202268,2002,81,54,135,102,0,0,0,0,135,102
202356,2002,7689,14926,22615,12700,0,0,0,0,22615,12700
202426,2002,41,,41,41,0,0,0,0,41,41
202435,2002,186,233,419,279,0,0,0,0,419,279
202453,2002,33,13,46,38,0,0,0,0,46,38
202480,2002,6552,533,7085,6761,1578,1463,3041,2138,10126,8899
202514,2002,679,215,894,763,8,96,104,45,998,808
202523,2002,2076,20,2096,2084,0,0,0,0,2096,2084
202541,2002,2517,976,3493,2900,76,207,283,155,3776,3055
202611,2002,575,512,1087,776,27,61,88,50,1175,826
202639,2002,62,53,115,83,0,0,0,0,115,83
202648,2002,1028,1972,3000,1690,0,0,0,0,3000,1690
202657,2002,302,,302,302,0,0,0,0,302,302
202684,2002,128,82,210,160,0,0,0,0,210,160
202763,2002,2703,681,3384,2971,308,899,1207,651,4591,3622
202806,2002,1635,3228,4863,2903,533,412,945,690,5808,3593
202888,2002,56,2,58,57,0,0,0,0,58,57
202903,2002,210,33,243,223,0,0,0,0,243,223
202912,2002,162,128,290,213,0,0,0,0,290,213
202949,2002,384,,384,384,0,0,0,0,384,384
202985,2002,51,,51,51,0,0,0,0,51,51
203030,2002,144,16,160,150,0,0,0,0,160,150
203049,2002,,,0,0,72,13,85,77,85,77
203067,2002,,,0,0,119,22,141,128,141,128
203076,2002,,,0,0,105,14,119,110,119,110
203085,2002,1006,271,1277,1112,16,190,206,89,1483,1201
203128,2002,941,193,1134,1017,0,0,0,0,1134,1017
203146,2002,89,,89,89,0,0,0,0,89,89
203155,2002,3547,1744,5291,4133,0,0,0,0,5291,4133
203164,2002,154,,154,154,0,0,0,0,154,154
203225,2002,545,,545,545,0,0,0,0,545,545
203234,2002,171,,171,171,0,0,0,0,171,171
203289,2002,103,14,117,109,0,0,0,0,117,109
203313,2002,456,32,488,469,0,0,0,0,488,469
203331,2002,802,770,1572,1061,0,0,0,0,1572,1061
203368,2002,3281,185,3466,3354,181,647,828,428,4294,3782
203438,2002,42,22,64,51,0,0,0,0,64,51
203447,2002,600,793,1393,866,0,3,3,1,1396,867
203456,2002,313,334,647,425,0,10,10,4,657,429
203465,2002,1957,1741,3698,2660,1,37,38,14,3736,2674
203474,2002,999,1306,2305,1437,1,0,1,1,2306,1438
203483,2002,972,944,1916,1289,1,12,13,5,1929,1294
203492,2002,572,634,1206,828,0,14,14,5,1220,833
203517,2002,15665,3148,18813,16935,2097,2594,4691,3035,23504,19970
203526,2002,210,575,785,403,0,21,21,8,806,411
203535,2002,1551,25,1576,1561,0,0,0,0,1576,1561
203544,2002,321,202,523,400,0,0,0,0,523,400
203580,2002,560,123,683,608,4,133,137,55,820,663
203599,2002,3047,5706,8753,4963,0,0,0,0,8753,4963
203614,2002,368,146,514,417,0,0,0,0,514,417
203678,2002,1478,1524,3002,1990,0,0,0,0,3002,1990
203720,2002,232,26,258,242,0,0,0,0,258,242
203739,2002,166,32,198,179,0,0,0,0,198,179
203748,2002,3309,5589,8898,5185,0,0,0,0,8898,5185
203757,2002,578,694,1272,851,14,14,28,19,1300,870
203775,2002,1659,219,1878,1745,18,241,259,110,2137,1855
203818,2002,61,4,65,63,0,0,0,0,65,63
203845,2002,1035,93,1128,1072,15,78,93,45,1221,1117
203881,2002,814,1201,2015,1217,0,0,0,0,2015,1217
203942,2002,36,359,395,179,0,0,0,0,395,179
203951,2002,,,0,0,773,232,1005,861,1005,861
203960,2002,196,210,406,278,0,0,0,0,406,278
203997,2002,,,0,0,127,108,235,180,235,180
204006,2002,1514,887,2401,1812,0,54,54,20,2455,1832
204015,2002,1226,785,2011,1490,0,28,28,10,2039,1500
204024,2002,15005,379,15384,15158,543,803,1346,833,16730,15991
204060,2002,321,,321,321,0,0,0,0,321,321
204121,2002,28,70,98,56,0,0,0,0,98,56
204158,2002,174,,174,174,0,0,0,0,174,174
204167,2002,39,18,57,46,0,0,0,0,57,46
204176,2002,353,71,424,381,0,0,0,0,424,381
204185,2002,2095,277,2372,2204,0,0,0,0,2372,2204
204194,2002,1935,300,2235,2053,2,100,102,40,2337,2093
204200,2002,1289,554,1843,1507,37,188,225,109,2068,1616
204255,2002,1043,872,1915,1336,0,0,0,0,1915,1336
204264,2002,1607,79,1686,1638,26,318,344,147,2030,1785
204307,2002,311,,311,311,0,0,0,0,311,311
204316,2002,408,3,411,409,0,0,0,0,411,409
204334,2002,84,,84,84,0,0,0,0,84,84
204422,2002,985,2436,3421,1803,0,0,0,0,3421,1803
204431,2002,25,,25,25,0,0,0,0,25,25
204440,2002,1010,2086,3096,1710,0,0,0,0,3096,1710
204459,2002,189,,189,189,0,0,0,0,189,189
204468,2002,320,396,716,476,15,142,157,69,873,545
204477,2002,,,0,0,429,0,429,429,429,429
204486,2002,1913,292,2205,2028,0,0,0,0,2205,2028
204501,2002,2743,105,2848,2784,13,0,13,13,2861,2797
204547,2002,,,0,0,243,3,246,245,246,245
204592,2002,218,163,381,283,0,0,0,0,381,283
204608,2002,441,,441,441,0,0,0,0,441,441
204617,2002,1607,643,2250,1860,52,15,67,58,2317,1918
204626,2002,579,10,589,583,0,0,0,0,589,583
204635,2002,2124,157,2281,2186,1107,42,1149,1130,3430,3316
204662,2002,769,138,907,815,0,0,0,0,907,815
204671,2002,1034,259,1293,1139,26,93,119,60,1412,1199
204680,2002,1048,392,1440,1206,18,55,73,38,1513,1244
204699,2002,1093,382,1475,1247,14,45,59,30,1534,1277
204705,2002,1594,429,2023,1767,40,166,206,100,2229,1867
204714,2002,109,,109,109,0,0,0,0,109,109
204723,2002,50,6,56,52,0,0,0,0,56,52
204741,2002,72,,72,72,0,0,0,0,72,72
204769,2002,43,,43,43,0,0,0,0,43,43
204778,2002,85,,85,85,0,0,0,0,85,85
204796,2002,32393,4462,36855,34194,9547,3274,12821,10749,49676,44943
204802,2002,699,244,943,797,0,129,129,47,1072,844
204820,2002,1020,796,1816,1341,0,183,183,66,1999,1407
204839,2002,1143,546,1689,1363,24,91,115,57,1804,1420
204848,2002,880,737,1617,1177,77,51,128,95,1745,1272
204857,2002,16106,1236,17342,16605,2532,674,3206,2776,20548,19381
204866,2002,1099,596,1695,1340,4,125,129,49,1824,1389
204884,2002,140,1,141,140,0,0,0,0,141,140
204893,2002,75,31,106,87,0,0,0,0,106,87
204909,2002,1904,31,1935,1916,0,0,0,0,1935,1916
204936,2002,1954,680,2634,2221,5,432,437,170,3071,2391
204945,2002,5023,12898,17921,9353,0,0,0,0,17921,9353
204963,2002,42,31,73,54,0,0,0,0,73,54
204981,2002,64,,64,64,0,0,0,0,64,64
204990,2002,,,0,0,57,40,97,72,97,72
205027,2002,69,,69,69,55,6,61,57,130,126
205054,2002,160,11,171,164,0,0,0,0,171,164
205081,2002,8,,8,8,0,0,0,0,8,8
205090,2002,13,11,24,17,0,0,0,0,24,17
205124,2002,48,,48,48,17,0,17,17,65,65
205142,2002,33,46,79,51,0,0,0,0,79,51
205179,2002,529,,529,529,0,0,0,0,529,529
205197,2002,114,,114,114,0,0,0,0,114,114
205203,2002,1558,347,1905,1694,12,152,164,70,2069,1764
205319,2002,,,0,0,64,48,112,83,112,83
205391,2002,128,,128,128,0,0,0,0,128,128
205443,2002,2823,783,3606,3139,0,0,0,0,3606,3139
205470,2002,6808,12573,19381,11029,0,0,0,0,19381,11029
205513,2002,147,13,160,152,0,0,0,0,160,152
205522,2002,56,8,64,59,0,0,0,0,64,59
205559,2002,46,19,65,54,0,0,0,0,65,54
205568,2002,79,15,94,85,0,0,0,0,94,85
205610,2002,917,,917,917,0,0,0,0,917,917
205647,2002,428,,428,428,0,0,0,0,428,428
205692,2002,59,,59,59,0,0,0,0,59,59
205708,2002,162,,162,162,0,0,0,0,162,162
205717,2002,19,,19,19,0,0,0,0,19,19
205726,2002,222,,222,222,0,0,0,0,222,222
205841,2002,1552,3626,5178,2769,0,0,0,0,5178,2769
205887,2002,240,368,608,386,0,0,0,0,608,386
205957,2002,1648,151,1799,1707,148,306,454,265,2253,1972
205966,2002,1167,1089,2256,1533,0,0,0,0,2256,1533
206011,2002,1047,1437,2484,1529,0,0,0,0,2484,1529
206039,2002,43,,43,43,0,0,0,0,43,43
206048,2002,979,225,1204,1067,227,102,329,266,1533,1333
206057,2002,7,,7,7,0,0,0,0,7,7
206084,2002,13703,3861,17564,15261,1666,1659,3325,2276,20889,17537
206093,2002,90,64,154,115,0,0,0,0,154,115
206154,2002,6,45,51,24,0,0,0,0,51,24
206172,2002,37,,37,37,0,0,0,0,37,37
206181,2002,105,,105,105,0,0,0,0,105,105
206215,2002,,,0,0,129,89,218,171,218,171
206224,2002,347,64,411,372,0,0,0,0,411,372
206279,2002,868,286,1154,980,1648,0,1648,1648,2802,2628
206288,2002,,,0,0,255,33,288,270,288,270
206321,2002,252,3861,4113,1785,0,0,0,0,4113,1785
206330,2002,814,519,1333,1018,2,71,73,29,1406,1047
206349,2002,581,427,1008,749,84,227,311,171,1319,920
206358,2002,35,,35,35,0,0,0,0,35,35
206394,2002,192,37,229,207,0,0,0,0,229,207
206400,2002,41,,41,41,0,0,0,0,41,41
206419,2002,36,3,39,37,0,0,0,0,39,37
206428,2002,35,,35,35,0,0,0,0,35,35
206437,2002,1093,387,1480,1245,66,102,168,105,1648,1350
206446,2002,1174,912,2086,1480,0,0,0,0,2086,1480
206482,2002,97,88,185,132,0,0,0,0,185,132
206491,2002,1183,7,1190,1186,0,0,0,0,1190,1186
206507,2002,1459,470,1929,1644,16,15,31,22,1960,1666
206516,2002,,,0,0,46,32,78,60,78,60
206525,2002,1964,216,2180,2049,0,26,26,10,2206,2059
206589,2002,1811,45,1856,1829,0,0,0,0,1856,1829
206604,2002,9265,1585,10850,9905,1847,1700,3547,2463,14397,12368
206613,2002,528,232,760,622,6,101,107,43,867,665
206622,2002,3366,576,3942,3592,680,1951,2631,1425,6573,5017
206631,2002,508,30,538,520,0,0,0,0,538,520
206695,2002,8948,2420,11368,9925,328,993,1321,687,12689,10612
206783,2002,53,,53,53,0,0,0,0,53,53
206817,2002,606,223,829,694,0,0,0,0,829,694
206835,2002,380,376,756,528,0,0,0,0,756,528
206862,2002,1670,82,1752,1702,311,39,350,326,2102,2028
206880,2002,72,1,73,72,0,0,0,0,73,72
206905,2002,83,90,173,119,0,0,0,0,173,119
206914,2002,3089,1992,5081,3893,177,400,577,322,5658,4215
206923,2002,1115,1865,2980,1741,0,0,0,0,2980,1741
206932,2002,73,33,106,86,0,0,0,0,106,86
206941,2002,8991,3997,12988,10604,830,1421,2251,1344,15239,11948
206969,2002,30,,30,30,0,0,0,0,30,30
206996,2002,1307,855,2162,1594,0,0,0,0,2162,1594
207041,2002,2993,534,3527,3208,242,584,826,453,4353,3661
207050,2002,1106,991,2097,1439,0,0,0,0,2097,1439
207069,2002,992,1313,2305,1433,0,0,0,0,2305,1433
207087,2002,34,,34,34,0,0,0,0,34,34
207102,2002,44,,44,44,0,0,0,0,44,44
207157,2002,206,91,297,242,2,6,8,4,305,246
207166,2002,30,,30,30,0,0,0,0,30,30
207209,2002,2255,675,2930,2527,54,44,98,70,3028,2597
207236,2002,1110,816,1926,1384,0,0,0,0,1926,1384
207254,2002,1738,,1738,1738,0,0,0,0,1738,1738
207263,2002,6228,1571,7799,6862,398,777,1175,679,8974,7541
207272,2002,33,,33,33,0,0,0,0,33,33
207281,2002,1912,1134,3046,2293,0,0,0,0,3046,2293
207290,2002,1358,510,1868,1529,0,0,0,0,1868,1529
207306,2002,1404,400,1804,1565,58,185,243,125,2047,1690
207315,2002,,,0,0,362,26,388,371,388,371
207324,2002,1443,147,1590,1501,79,33,112,92,1702,1593
207342,2002,523,96,619,562,1558,772,2330,1891,2949,2453
207351,2002,826,400,1226,987,0,0,0,0,1226,987
207388,2002,16227,2007,18234,17037,2183,2803,4986,3197,23220,20234
207397,2002,1685,3273,4958,2784,0,0,0,0,4958,2784
207403,2002,1430,417,1847,1594,11,11,22,15,1869,1609
207449,2002,4200,6689,10889,6446,0,0,0,0,10889,6446
207458,2002,1415,312,1727,1538,1399,440,1839,1570,3566,3108
207500,2002,17330,2454,19784,18320,2545,3934,6479,3969,26263,22289
207537,2002,60,,60,60,0,0,0,0,60,60
207564,2002,1772,907,2679,2077,0,0,0,0,2679,2077
207582,2002,3029,653,3682,3286,279,382,661,430,4343,3716
207607,2002,59,37,96,74,0,0,0,0,96,74
207625,2002,318,,318,318,0,0,0,0,318,318
207634,2002,47,26,73,57,0,0,0,0,73,57
207661,2002,1736,1571,3307,2370,0,0,0,0,3307,2370
207670,2002,2709,5263,7972,4476,0,0,0,0,7972,4476
207689,2002,592,195,787,669,0,0,0,0,787,669
207704,2002,100,,100,100,0,0,0,0,100,100
207722,2002,1068,432,1500,1242,0,0,0,0,1500,1242
207740,2002,1021,1051,2072,1374,0,0,0,0,2072,1374
207786,2002,42,,42,42,0,0,0,0,42,42
207838,2002,7,,7,7,0,0,0,0,7,7
207847,2002,2871,689,3560,3149,119,288,407,223,3967,3372
207856,2002,149,8,157,152,65,9,74,68,231,220
207865,2002,3815,557,4372,4040,391,259,650,499,5022,4539
207935,2002,6079,11148,17227,9822,0,0,0,0,17227,9822
207962,2002,364,,364,364,0,0,0,0,364,364
207971,2002,2475,216,2691,2560,885,473,1358,1086,4049,3646
208017,2002,22,,22,22,0,0,0,0,22,22
208026,2002,151,55,206,169,0,0,0,0,206,169
208035,2002,895,1152,2047,1282,0,0,0,0,2047,1282
208044,2002,20,,20,20,0,0,0,0,20,20
208053,2002,59,25,84,69,0,0,0,0,84,69
208080,2002,41,,41,41,0,0,0,0,41,41
208187,2002,25,6,31,27,0,0,0,0,31,27
208239,2002,859,249,1108,957,0,0,0,0,1108,957
208248,2002,168,,168,168,0,0,0,0,168,168
208275,2002,877,1006,1883,1215,0,0,0,0,1883,1215
208318,2002,1564,2823,4387,2512,0,0,0,0,4387,2512
208390,2002,3647,10807,14454,7275,0,0,0,0,14454,7275
208406,2002,2852,4014,6866,4200,0,0,0,0,6866,4200
208415,2002,485,1229,1714,898,0,0,0,0,1714,898
208433,2002,54,1,55,54,0,0,0,0,55,54
208479,2002,740,,740,740,0,0,0,0,740,740
208488,2002,702,144,846,759,169,76,245,198,1091,957
208512,2002,55,44,99,72,0,0,0,0,99,72
208646,2002,1998,1077,3075,2433,115,218,333,194,3408,2627
208655,2002,60,,60,60,0,0,0,0,60,60
208725,2002,124,42,166,140,0,0,0,0,166,140
208822,2002,1254,367,1621,1398,311,816,1127,629,2748,2027
208859,2002,61,,61,61,0,0,0,0,61,61
208965,2002,477,39,516,492,0,0,0,0,516,492
209038,2002,4217,5906,10123,6200,0,0,0,0,10123,6200
209056,2002,1720,43,1763,1737,1003,285,1288,1113,3051,2850
209065,2002,1571,28,1599,1582,0,0,0,0,1599,1582
209074,2002,2915,2192,5107,3651,0,0,0,0,5107,3651
209083,2002,61,,61,61,0,0,0,0,61,61
209108,2002,253,473,726,439,86,266,352,188,1078,627
209153,2002,47,,47,47,0,0,0,0,47,47
209205,2002,84,16,100,90,0,0,0,0,100,90
209241,2002,47,,47,47,83,13,96,88,143,135
209250,2002,3170,5997,9167,5183,0,0,0,0,9167,5183
209287,2002,527,55,582,549,132,113,245,180,827,729
209296,2002,,,0,0,455,1,456,456,456,456
209348,2002,25,,25,25,0,0,0,0,25,25
209409,2002,391,30,421,403,72,22,94,80,515,483
209490,2002,406,142,548,463,1265,711,1976,1525,2524,1988
209506,2002,1997,1138,3135,2456,0,3,3,1,3138,2457
209533,2002,73,39,112,88,3,4,7,5,119,93
209542,2002,13902,1496,15398,14506,2456,910,3366,2791,18764,17297
209551,2002,14453,1588,16041,15094,2926,1030,3956,3299,19997,18393
209603,2002,260,38,298,275,0,0,0,0,298,275
209612,2002,1094,79,1173,1125,975,266,1241,1097,2414,2222
209667,2002,45,,45,45,0,0,0,0,45,45
209676,2002,91,,91,91,0,0,0,0,91,91
209694,2002,53,,53,53,0,0,0,0,53,53
209700,2002,79,,79,79,0,0,0,0,79,79
209719,2002,42,,42,42,0,0,0,0,42,42
209746,2002,7931,18815,26746,14248,0,0,0,0,26746,14248
209807,2002,9685,6010,15695,12110,2221,3756,5977,3580,21672,15690
209825,2002,2588,103,2691,2628,147,396,543,298,3234,2926
209922,2002,1304,59,1363,1327,0,26,26,10,1389,1337
209940,2002,1844,2625,4469,2725,0,0,0,0,4469,2725
209986,2002,28,,28,28,0,0,0,0,28,28
210076,2002,510,,510,510,0,0,0,0,510,510
210100,2002,63,,63,63,0,0,0,0,63,63
210146,2002,3675,1239,4914,4175,202,357,559,331,5473,4506
210155,2002,1072,2883,3955,2040,0,0,0,0,3955,2040
210234,2002,700,1,701,700,0,0,0,0,701,700
210270,2002,686,582,1268,881,0,0,0,0,1268,881
210304,2002,421,96,517,459,4,2,6,5,523,464
210331,2002,643,86,729,677,0,0,0,0,729,677
210340,2002,48,,48,48,0,0,0,0,48,48
210359,2002,586,,586,586,0,0,0,0,586,586
210368,2002,,,0,0,87,594,681,334,681,334
210401,2002,1619,130,1749,1670,640,31,671,654,2420,2324
210429,2002,4013,450,4463,4195,209,358,567,338,5030,4533
210438,2002,,,0,0,355,0,355,355,355,355
210456,2002,158,,158,158,0,0,0,0,158,158
210483,2002,239,,239,239,0,0,0,0,239,239
210492,2002,127,8,135,130,9,10,19,13,154,143
210508,2002,,,0,0,27,0,27,27,27,27
210571,2002,1978,98,2076,2016,0,11,11,4,2087,2020
210599,2002,231,,231,231,0,0,0,0,231,231
210605,2002,7002,10987,17989,10691,0,0,0,0,17989,10691
210669,2002,1877,47,1924,1895,0,0,0,0,1924,1895
210711,2002,21,57,78,44,0,0,0,0,78,44
210739,2002,1589,527,2116,1796,48,703,751,317,2867,2113
210748,2002,38,20,58,46,0,0,0,0,58,46
210775,2002,1290,483,1773,1480,28,377,405,172,2178,1652
210784,2002,80,33,113,93,0,0,0,0,113,93
210809,2002,,,0,0,0,871,871,333,871,333
210890,2002,207,2,209,208,0,0,0,0,209,208
210906,2002,380,27,407,391,0,0,0,0,407,391
210942,2002,2054,953,3007,2428,0,0,0,0,3007,2428
210951,2002,75,,75,75,0,0,0,0,75,75
210960,2002,1938,770,2708,2240,0,0,0,0,2708,2240
211006,2002,360,26,386,370,0,0,0,0,386,370
211024,2002,732,53,785,753,47,154,201,116,986,869
211079,2002,1258,1259,2517,1681,0,0,0,0,2517,1681
211088,2002,1410,263,1673,1513,303,1026,1329,695,3002,2208
211112,2002,148,23,171,157,0,0,0,0,171,157
211130,2002,,,0,0,150,148,298,215,298,215
211149,2002,150,,150,150,0,0,0,0,150,150
211158,2002,6744,554,7298,6968,261,480,741,435,8039,7403
211185,2002,12,,12,12,0,0,0,0,12,12
211200,2002,404,,404,404,0,0,0,0,404,404
211246,2002,50,21,71,58,0,0,0,0,71,58
211273,2002,1250,71,1321,1278,248,175,423,315,1744,1593
211291,2002,3390,42,3432,3406,94,53,147,114,3579,3520
211307,2002,3693,6069,9762,5731,0,0,0,0,9762,5731
211316,2002,53,18,71,60,0,0,0,0,71,60
211325,2002,33,,33,33,0,0,0,0,33,33
211334,2002,40,1,41,40,0,0,0,0,41,40
211343,2002,1757,1724,3481,2336,0,0,0,0,3481,2336
211352,2002,1357,322,1679,1483,57,447,504,228,2183,1711
211361,2002,4509,618,5127,4758,425,530,955,617,6082,5375
211370,2002,,,0,0,69,91,160,110,160,110
211398,2002,249,7,256,252,0,0,0,0,256,252
211431,2002,1045,700,1745,1320,24,301,325,139,2070,1459
211440,2002,5239,236,5475,5332,2941,1085,4026,3356,9501,8688
211468,2002,798,820,1618,1120,2,24,26,15,1644,1135
211477,2002,530,151,681,589,0,0,0,0,681,589
211495,2002,118,,118,118,0,0,0,0,118,118
211556,2002,483,156,639,544,214,205,419,292,1058,836
211583,2002,616,230,846,706,81,608,689,313,1535,1019
211608,2002,1054,84,1138,1088,55,330,385,174,1523,1262
211617,2002,408,205,613,489,0,0,0,0,613,489
211626,2002,76,21,97,84,0,0,0,0,97,84
211635,2002,70,,70,70,0,0,0,0,70,70
211644,2002,5308,695,6003,5588,213,325,538,331,6541,5919
211750,2002,308,152,460,368,0,0,0,0,460,368
211802,2002,103,4,107,105,0,0,0,0,107,105
211820,2002,210,,210,210,0,0,0,0,210,210
211893,2002,132,,132,132,26,0,26,26,158,158
211909,2002,88,53,141,109,0,0,0,0,141,109
211927,2002,3921,6503,10424,6104,0,0,0,0,10424,6104
211954,2002,99,,99,99,0,0,0,0,99,99
211981,2002,1333,531,1864,1542,0,70,70,27,1934,1569
212009,2002,2224,37,2261,2239,0,0,0,0,2261,2239
212018,2002,,,0,0,600,1,601,601,601,601
212045,2002,173,1,174,173,0,0,0,0,174,173
212054,2002,9421,2164,11585,10271,2348,2412,4760,3270,16345,13541
212072,2002,295,18,313,302,0,0,0,0,313,302
212090,2002,715,536,1251,928,0,0,0,0,1251,928
212106,2002,5118,438,5556,5290,2368,1671,4039,3014,9595,8304
212115,2002,4617,533,5150,4832,318,802,1120,608,6270,5440
212124,2002,,,0,0,180,342,522,367,522,367
212133,2002,1805,249,2054,1903,668,406,1074,823,3128,2726
212160,2002,6283,639,6922,6541,402,454,856,566,7778,7107
212179,2002,38,13,51,43,0,0,0,0,51,43
212197,2002,1735,156,1891,1796,1,9,10,4,1901,1800
212212,2002,76,46,122,94,0,0,0,0,122,94
212230,2002,45,15,60,51,0,0,0,0,60,51
212267,2002,135,82,217,168,0,0,0,0,217,168
212276,2002,63,46,109,81,0,0,0,0,109,81
212285,2002,84,63,147,109,0,0,0,0,147,109
212294,2002,68,53,121,89,0,0,0,0,121,89
212300,2002,59,72,131,88,0,0,0,0,131,88
212328,2002,108,106,214,150,0,0,0,0,214,150
212337,2002,70,37,107,85,0,0,0,0,107,85
212346,2002,96,50,146,116,0,0,0,0,146,116
212355,2002,126,59,185,149,0,0,0,0,185,149
212364,2002,64,13,77,69,0,0,0,0,77,69
212373,2002,62,57,119,85,0,0,0,0,119,85
212382,2002,112,114,226,157,0,0,0,0,226,157
212391,2002,107,105,212,149,0,0,0,0,212,149
212407,2002,94,,94,94,0,0,0,0,94,94
212425,2002,284,173,457,353,0,0,0,0,457,353
212434,2002,115,11,126,119,0,0,0,0,126,119
212443,2002,,,0,0,20,140,160,87,160,87
212568,2002,253,,253,253,0,0,0,0,253,253
212577,2002,1878,48,1926,1897,0,0,0,0,1926,1897
212601,2002,2112,262,2374,2215,311,672,983,568,3357,2783
212656,2002,1591,208,1799,1673,239,107,346,280,2145,1953
212674,2002,2348,29,2377,2359,0,0,0,0,2377,2359
212683,2002,94,62,156,119,0,0,0,0,156,119
212708,2002,69,35,104,83,0,0,0,0,104,83
212726,2002,81,47,128,100,0,0,0,0,128,100
212744,2002,28,23,51,37,0,0,0,0,51,37
212753,2002,178,121,299,226,0,0,0,0,299,226
212771,2002,6,11,17,10,21,658,679,272,696,282
212780,2002,52,8,60,55,0,0,0,0,60,55
212805,2002,2245,14,2259,2250,0,0,0,0,2259,2250
212832,2002,1148,963,2111,1526,31,287,318,141,2429,1667
212869,2002,321,176,497,391,0,0,0,0,497,391
212878,2002,3563,4867,8430,5197,0,0,0,0,8430,5197
212911,2002,1105,,1105,1105,0,0,0,0,1105,1105
212939,2002,63,38,101,78,0,0,0,0,101,78
212975,2002,222,,222,222,0,0,0,0,222,222
212984,2002,1085,696,1781,1358,43,845,888,366,2669,1724
212993,2002,135,,135,135,0,0,0,0,135,135
213002,2002,801,14,815,807,0,0,0,0,815,807
213011,2002,628,2140,2768,1469,82,714,796,355,3564,1824
213020,2002,10986,848,11834,11328,777,1060,1837,1160,13671,12488
213057,2002,45,,45,45,0,0,0,0,45,45
213163,2002,40,18,58,47,0,0,0,0,58,47
213181,2002,296,,296,296,0,0,0,0,296,296
213215,2002,16,,16,16,0,0,0,0,16,16
213233,2002,334,10,344,338,0,0,0,0,344,338
213251,2002,1302,43,1345,1319,0,0,0,0,1345,1319
213303,2002,998,447,1445,1174,0,0,0,0,1445,1174
213312,2002,663,607,1270,904,0,0,0,0,1270,904
213321,2002,1727,312,2039,1850,57,92,149,92,2188,1942
213330,2002,19,,19,19,0,0,0,0,19,19
213349,2002,6861,730,7591,7156,205,728,933,468,8524,7624
213358,2002,1322,438,1760,1494,89,132,221,139,1981,1633
213367,2002,3350,730,4080,3637,247,1445,1692,799,5772,4436
213376,2002,646,462,1108,829,0,0,0,0,1108,829
213385,2002,2219,81,2300,2251,0,0,0,0,2300,2251
213400,2002,567,177,744,637,30,68,98,56,842,693
213428,2002,182,91,273,218,0,0,0,0,273,218
213446,2002,,,0,0,134,41,175,153,175,153
213455,2002,15,54,69,36,0,0,0,0,69,36
213473,2002,435,48,483,454,0,0,0,0,483,454
213491,2002,10,38,48,25,0,0,0,0,48,25
213507,2002,1537,342,1879,1671,0,191,191,73,2070,1744
213525,2002,1952,3471,5423,3117,0,0,0,0,5423,3117
213534,2002,527,171,698,595,0,0,0,0,698,595
213543,2002,4639,67,4706,4665,883,1097,1980,1302,6686,5967
213552,2002,57,53,110,78,0,0,0,0,110,78
213570,2002,457,83,540,490,0,0,0,0,540,490
213589,2002,474,78,552,505,0,0,0,0,552,505
213598,2002,1511,50,1561,1531,249,188,437,317,1998,1848
213613,2002,4025,369,4394,4174,102,78,180,130,4574,4304
213622,2002,80,,80,80,0,0,0,0,80,80
213631,2002,,,0,0,141,127,268,197,268,197
213640,2002,,,0,0,130,154,284,207,284,207
213659,2002,2699,3354,6053,3825,0,0,0,0,6053,3825
213668,2002,1379,30,1409,1391,0,0,0,0,1409,1391
213686,2002,81,,81,81,0,0,0,0,81,81
213738,2002,3,8,11,6,0,0,0,0,11,6
213774,2002,425,400,825,584,0,0,0,0,825,584
213783,2002,2767,290,3057,2884,72,239,311,158,3368,3042
213826,2002,1496,254,1750,1596,383,1000,1383,765,3133,2361
213871,2002,104,49,153,123,0,0,0,0,153,123
213914,2002,246,47,293,265,0,0,0,0,293,265
213932,2002,109,,109,109,0,0,0,0,109,109
213987,2002,3020,472,3492,3205,102,72,174,130,3666,3335
213996,2002,2826,69,2895,2853,0,0,0,0,2895,2853
214005,2002,46,,46,46,0,0,0,0,46,46
214023,2002,109,32,141,122,0,0,0,0,141,122
214041,2002,5909,737,6646,6206,172,832,1004,473,7650,6679
214069,2002,1323,510,1833,1523,0,151,151,58,1984,1581
214111,2002,4047,6199,10246,6128,0,0,0,0,10246,6128
214148,2002,487,156,643,548,0,0,0,0,643,548
214157,2002,1451,373,1824,1598,37,188,225,112,2049,1710
214166,2002,970,335,1305,1102,6,0,6,6,1311,1108
214175,2002,2258,212,2470,2341,0,0,0,0,2470,2341
214227,2002,1383,293,1676,1499,0,0,0,0,1676,1499
214254,2002,579,,579,579,0,0,0,0,579,579
214272,2002,1432,421,1853,1597,75,293,368,187,2221,1784
214290,2002,422,,422,422,0,0,0,0,422,422
214315,2002,111,1,112,111,0,0,0,0,112,111
214379,2002,2619,3167,5786,3682,0,0,0,0,5786,3682
214476,2002,30,,30,30,0,0,0,0,30,30
214528,2002,568,134,702,621,0,0,0,0,702,621
214546,2002,49,5,54,51,0,0,0,0,54,51
214564,2002,,,0,0,634,315,949,754,949,754
214582,2002,160,167,327,226,0,0,0,0,327,226
214591,2002,3320,266,3586,3427,12,112,124,53,3710,3480
214607,2002,,,0,0,139,1440,1579,660,1579,660
214616,2002,,,0,0,663,12,675,667,675,667
214625,2002,784,295,1079,903,0,1,1,0,1080,903
214634,2002,582,356,938,726,0,1,1,0,939,726
214643,2002,619,186,805,694,0,74,74,27,879,721
214652,2002,1035,322,1357,1165,0,84,84,30,1441,1195
214670,2002,548,158,706,612,0,28,28,10,734,622
214689,2002,3547,330,3877,3680,1,7,8,4,3885,3684
214698,2002,686,98,784,726,0,7,7,3,791,729
214704,2002,2164,279,2443,2277,0,28,28,10,2471,2287
214713,2002,1114,596,1710,1355,197,1351,1548,686,3258,2041
214731,2002,1427,311,1738,1553,0,1,1,0,1739,1553
214740,2002,704,249,953,804,0,2,2,1,955,805
214759,2002,838,301,1139,959,0,0,0,0,1139,959
214768,2002,1151,85,1236,1185,0,4,4,1,1240,1186
214777,2002,33290,1539,34829,33911,4957,1659,6616,5557,41445,39468
214786,2002,802,127,929,853,0,5,5,2,934,855
214795,2002,768,319,1087,897,0,36,36,13,1123,910
214801,2002,2534,782,3316,2850,0,3,3,1,3319,2851
214810,2002,869,193,1062,947,0,39,39,14,1101,961
214829,2002,971,793,1764,1291,2,272,274,100,2038,1391
214838,2002,199,55,254,221,0,0,0,0,254,221
214883,2002,649,1071,1720,1070,0,0,0,0,1720,1070
214892,2002,288,1,289,288,0,0,0,0,289,288
214908,2002,31,1,32,31,0,0,0,0,32,31
214944,2002,292,86,378,326,0,0,0,0,378,326
214962,2002,29,13,42,34,0,0,0,0,42,34
214971,2002,203,24,227,212,49,0,49,49,276,261
215008,2002,34,,34,34,0,0,0,0,34,34
215026,2002,45,,45,45,0,0,0,0,45,45
215053,2002,168,49,217,187,0,0,0,0,217,187
215062,2002,9964,1982,11946,10743,8697,2126,10823,9511,22769,20254
215099,2002,2259,433,2692,2429,165,297,462,278,3154,2707
215105,2002,1873,50,1923,1893,98,70,168,125,2091,2018
215114,2002,887,109,996,930,45,322,367,170,1363,1100
215123,2002,,,0,0,1474,0,1474,1474,1474,1474
215132,2002,1204,36,1240,1218,955,321,1276,1087,2516,2305
215239,2002,5594,13801,19395,10228,0,0,0,0,19395,10228
215266,2002,973,327,1300,1105,0,0,0,0,1300,1105
215275,2002,1668,220,1888,1757,0,0,0,0,1888,1757
215284,2002,2789,333,3122,2923,0,0,0,0,3122,2923
215293,2002,15435,2475,17910,16434,6274,3006,9280,7361,27190,23795
215309,2002,362,141,503,409,0,0,0,0,503,409
215336,2002,22,6,28,24,0,0,0,0,28,24
215381,2002,787,50,837,807,0,0,0,0,837,807
215390,2002,98,48,146,117,0,0,0,0,146,117
215415,2002,1966,,1966,1966,0,0,0,0,1966,1966
215424,2002,,,0,0,292,93,385,339,385,339
215433,2002,286,,286,286,0,0,0,0,286,286
215442,2002,1814,869,2683,2155,186,216,402,269,3085,2424
215479,2002,53,,53,53,0,0,0,0,53,53
215488,2002,27,,27,27,0,0,0,0,27,27
215530,2002,29,8,37,32,0,0,0,0,37,32
215567,2002,18,4,22,20,0,0,0,0,22,20
215585,2002,1441,2335,3776,2225,0,0,0,0,3776,2225
215594,2002,31,28,59,42,0,0,0,0,59,42
215619,2002,,,0,0,67,7,74,71,74,71
215628,2002,,,0,0,20,35,55,38,55,38
215637,2002,625,,625,625,0,0,0,0,625,625
215646,2002,329,187,516,403,0,0,0,0,516,403
215655,2002,2721,1026,3747,3124,0,979,979,374,4726,3498
215682,2002,191,,191,191,0,0,0,0,191,191
215691,2002,375,357,732,515,52,282,334,160,1066,675
215743,2002,1147,323,1470,1274,164,369,533,305,2003,1579
215752,2002,84,28,112,95,0,0,0,0,112,95
215770,2002,3743,841,4584,4073,414,2320,2734,1300,7318,5373
215789,2002,9,,9,9,0,0,0,0,9,9
215798,2002,1176,195,1371,1253,14,28,42,25,1413,1278
215813,2002,,,0,0,72,14,86,78,86,78
215868,2002,762,125,887,812,0,0,0,0,887,812
215886,2002,186,74,260,215,0,0,0,0,260,215
215895,2002,101,,101,101,0,0,0,0,101,101
215929,2002,3732,328,4060,3861,226,442,668,395,4728,4256
215947,2002,845,356,1201,985,72,305,377,189,1578,1174
215956,2002,20,,20,20,0,0,0,0,20,20
215965,2002,80,5,85,82,0,0,0,0,85,82
215974,2002,186,77,263,217,0,0,0,0,263,217
215983,2002,23,,23,23,0,0,0,0,23,23
215992,2002,157,3,160,158,0,0,0,0,160,158
216010,2002,6170,243,6413,6268,224,775,999,504,7412,6772
216038,2002,6163,651,6814,6426,324,392,716,466,7530,6892
216047,2002,90,176,266,159,73,88,161,107,427,266
216074,2002,127,9,136,131,0,0,0,0,136,131
216083,2002,653,58,711,676,0,0,0,0,711,676
216162,2002,120,,120,120,0,0,0,0,120,120
216180,2002,21,1,22,21,35,3,38,37,60,58
216223,2002,18,34,52,31,0,0,0,0,52,31
216278,2002,1888,107,1995,1930,0,0,0,0,1995,1930
216287,2002,1474,5,1479,1476,0,0,0,0,1479,1476
216296,2002,625,,625,625,0,0,0,0,625,625
216311,2002,85,,85,85,0,0,0,0,85,85
216339,2002,17928,3501,21429,19341,4945,5985,10930,7182,32359,26523
216348,2002,,,0,0,3,7,10,7,10,7
216357,2002,1200,79,1279,1231,0,0,0,0,1279,1231
216366,2002,401,384,785,552,1193,284,1477,1302,2262,1854
216418,2002,351,124,475,400,0,0,0,0,475,400
216427,2002,205,,205,205,0,0,0,0,205,205
216436,2002,302,,302,302,0,0,0,0,302,302
216445,2002,247,,247,247,0,0,0,0,247,247
216454,2002,361,,361,361,0,0,0,0,361,361
216463,2002,,,0,0,169,112,281,214,281,214
216524,2002,1352,18,1370,1359,0,0,0,0,1370,1359
216542,2002,700,57,757,722,0,0,0,0,757,722
216551,2002,238,,238,238,0,0,0,0,238,238
216579,2002,60,,60,60,0,0,0,0,60,60
216597,2002,6617,729,7346,6903,1262,1865,3127,1975,10473,8878
216630,2002,112,1,113,112,0,0,0,0,113,112
216649,2002,27,,27,27,0,0,0,0,27,27
216667,2002,1181,28,1209,1192,0,0,0,0,1209,1192
216694,2002,1219,223,1442,1307,7,265,272,108,1714,1415
216700,2002,39,10,49,43,0,0,0,0,49,43
216746,2002,17,3,20,18,0,0,0,0,20,18
216764,2002,9139,1328,10467,9675,480,1637,2117,1072,12584,10747
216773,2002,105,,105,105,0,0,0,0,105,105
216782,2002,423,10,433,427,0,0,0,0,433,427
216807,2002,1359,,1359,1359,3,132,135,53,1494,1412
216816,2002,,,0,0,335,398,733,501,733,501
216825,2002,2347,3580,5927,3549,0,0,0,0,5927,3549
216852,2002,2255,748,3003,2549,509,1033,1542,904,4545,3453
216931,2002,1633,283,1916,1744,324,1714,2038,979,3954,2723
216986,2002,141,4,145,143,0,0,0,0,145,143
217013,2002,371,368,739,516,0,0,0,0,739,516
217040,2002,45,,45,45,1,0,1,1,46,46
217059,2002,4118,1095,5213,4548,19,195,214,94,5427,4642
217077,2002,1107,,1107,1107,0,0,0,0,1107,1107
217086,2002,212,88,300,247,0,0,0,0,300,247
217095,2002,117,111,228,161,0,0,0,0,228,161
217156,2002,5711,319,6030,5836,1724,138,1862,1778,7892,7614
217165,2002,2634,278,2912,2743,61,417,478,220,3390,2963
217235,2002,7964,1107,9071,8399,393,160,553,454,9624,8853
217244,2002,606,,606,606,0,0,0,0,606,606
217305,2002,2187,563,2750,2408,0,0,0,0,2750,2408
217350,2002,,72,72,29,0,0,0,0,72,29
217369,2002,,33,33,13,0,0,0,0,33,13
217402,2002,3728,594,4322,3961,110,794,904,413,5226,4374
217420,2002,4707,2391,7098,5672,313,1347,1660,800,8758,6472
217475,2002,5329,10600,15929,8888,0,0,0,0,15929,8888
217484,2002,8959,1825,10784,9695,1511,1885,3396,2195,14180,11890
217493,2002,1882,,1882,1882,322,0,322,322,2204,2204
217518,2002,3338,785,4123,3646,36,170,206,101,4329,3747
217536,2002,1822,91,1913,1858,44,323,367,167,2280,2025
217545,2002,621,,621,621,0,0,0,0,621,621
217572,2002,19,,19,19,0,0,0,0,19,19
217581,2002,129,51,180,149,0,0,0,0,180,149
217606,2002,270,60,330,294,0,0,0,0,330,294
217615,2002,1249,1206,2455,1654,0,0,0,0,2455,1654
217624,2002,507,20,527,515,0,0,0,0,527,515
217633,2002,1204,435,1639,1375,0,0,0,0,1639,1375
217688,2002,2000,481,2481,2189,22,346,368,154,2849,2343
217712,2002,602,1164,1766,993,0,0,0,0,1766,993
217721,2002,2864,141,3005,2919,0,0,0,0,3005,2919
217749,2002,3364,101,3465,3404,285,352,637,419,4102,3823
217776,2002,1894,130,2024,1945,277,0,277,277,2301,2222
217794,2002,34,13,47,39,0,0,0,0,47,39
217819,2002,9107,937,10044,9485,261,1411,1672,771,11716,10256
217828,2002,48,23,71,57,0,0,0,0,71,57
217837,2002,520,474,994,679,0,0,0,0,994,679
217864,2002,1985,114,2099,2031,171,1788,1959,818,4058,2849
217873,2002,1464,82,1546,1496,14,10,24,18,1570,1514
217882,2002,12805,929,13734,13180,1838,1304,3142,2310,16876,15490
217891,2002,72,3,75,73,0,0,0,0,75,73
217907,2002,712,415,1127,875,0,0,0,0,1127,875
217916,2002,33,,33,33,0,0,0,0,33,33
217925,2002,572,62,634,596,236,151,387,299,1021,895
217934,2002,987,216,1203,1072,209,62,271,233,1474,1305
217961,2002,639,49,688,658,132,757,889,421,1577,1079
217989,2002,1112,292,1404,1210,0,0,0,0,1404,1210
217998,2002,578,16,594,584,134,220,354,232,948,816
218025,2002,2147,1894,4041,2783,0,0,0,0,4041,2783
218043,2002,109,104,213,150,0,0,0,0,213,150
218061,2002,2729,235,2964,2824,48,482,530,222,3494,3046
218070,2002,2653,119,2772,2700,51,385,436,198,3208,2898
218089,2002,56,106,162,98,5,18,23,12,185,110
218113,2002,4393,7650,12043,6961,0,0,0,0,12043,6961
218140,2002,2137,2425,4562,2951,0,0,0,0,4562,2951
218159,2002,43,,43,43,0,0,0,0,43,43
218168,2002,1454,43,1497,1471,0,0,0,0,1497,1471
218195,2002,102,,102,102,0,0,0,0,102,102
218229,2002,2318,295,2613,2437,13,321,334,129,2947,2566
218238,2002,1474,974,2448,1857,0,0,0,0,2448,1857
218265,2002,,,0,0,131,38,169,148,169,148
218335,2002,277,75,352,307,1708,200,1908,1780,2260,2087
218353,2002,4591,5756,10347,6524,0,0,0,0,10347,6524
218399,2002,1033,16,1049,1039,0,0,0,0,1049,1039
218414,2002,705,43,748,722,0,0,0,0,748,722
218441,2002,1366,120,1486,1413,0,0,0,0,1486,1413
218487,2002,1275,1004,2279,1612,0,0,0,0,2279,1612
218520,2002,2102,2809,4911,3045,0,0,0,0,4911,3045
218539,2002,1155,62,1217,1179,0,0,0,0,1217,1179
218645,2002,2196,1083,3279,2633,16,121,137,60,3416,2693
218654,2002,455,748,1203,706,0,0,0,0,1203,706
218663,2002,14078,2489,16567,15082,4912,3661,8573,6240,25140,21322
218672,2002,459,484,943,621,0,0,0,0,943,621
218681,2002,350,397,747,483,0,0,0,0,747,483
218690,2002,601,548,1149,785,0,0,0,0,1149,785
218706,2002,130,217,347,203,0,0,0,0,347,203
218724,2002,4450,608,5058,4695,38,884,922,358,5980,5053
218733,2002,3196,357,3553,3340,281,734,1015,546,4568,3886
218742,2002,3290,959,4249,3677,2,111,113,42,4362,3719
218751,2002,,,0,0,289,87,376,336,376,336
218821,2002,583,47,630,602,0,0,0,0,630,602
218830,2002,2091,1780,3871,2689,0,0,0,0,3871,2689
218858,2002,1160,2105,3265,1867,0,0,0,0,3265,1867
218867,2002,38,19,57,46,0,0,0,0,57,46
218885,2002,2140,1985,4125,2806,0,0,0,0,4125,2806
218894,2002,4858,6393,11251,7004,0,0,0,0,11251,7004
218919,2002,718,10,728,722,0,0,0,0,728,722
218955,2002,234,283,517,329,0,0,0,0,517,329
218964,2002,4448,608,5056,4693,303,1103,1406,702,6462,5395
218973,2002,1066,18,1084,1073,0,0,0,0,1084,1073
218991,2002,1844,2220,4064,2589,0,0,0,0,4064,2589
219000,2002,1665,139,1804,1720,1,29,30,12,1834,1732
219037,2002,66,,66,66,0,0,0,0,66,66
219046,2002,2536,1006,3542,2942,12,193,205,82,3747,3024
219055,2002,117,240,357,212,0,0,0,0,357,212
219073,2002,279,155,434,340,0,0,0,0,434,340
219082,2002,1306,721,2027,1597,21,209,230,97,2257,1694
219091,2002,650,54,704,671,0,0,0,0,704,671
219125,2002,52,,52,52,0,0,0,0,52,52
219134,2002,430,43,473,447,0,0,0,0,473,447
219143,2002,975,96,1071,1007,0,0,0,0,1071,1007
219170,2002,10,,10,10,0,0,0,0,10,10
219189,2002,732,136,868,778,0,0,0,0,868,778
219198,2002,667,363,1030,810,76,17,93,82,1123,892
219204,2002,469,930,1399,834,23,20,43,31,1442,865
219213,2002,194,143,337,250,0,0,0,0,337,250
219240,2002,,,0,0,80,38,118,96,118,96
219259,2002,1622,1118,2740,2073,18,262,280,113,3020,2186
219277,2002,598,556,1154,822,10,115,125,52,1279,874
219295,2002,387,207,594,468,0,0,0,0,594,468
219338,2002,15,,15,15,0,0,0,0,15,15
219347,2002,1673,420,2093,1842,210,143,353,262,2446,2104
219356,2002,6747,1756,8503,7456,389,1008,1397,754,9900,8210
219374,2002,622,165,787,689,0,0,0,0,787,689
219383,2002,938,248,1186,1035,0,219,219,84,1405,1119
219392,2002,25,,25,25,0,0,0,0,25,25
219408,2002,160,125,285,202,0,0,0,0,285,202
219426,2002,1733,472,2205,1891,0,0,0,0,2205,1891
219471,2002,4103,1666,5769,4775,1083,2021,3104,1816,8873,6591
219480,2002,703,319,1022,810,0,0,0,0,1022,810
219505,2002,86,55,141,108,0,0,0,0,141,108
219578,2002,392,430,822,561,0,0,0,0,822,561
219587,2002,48,18,66,55,0,0,0,0,66,55
219596,2002,381,22,403,390,0,0,0,0,403,390
219602,2002,5061,1996,7057,5866,179,246,425,268,7482,6134
219639,2002,426,200,626,505,0,0,0,0,626,505
219709,2002,2461,339,2800,2594,234,310,544,352,3344,2946
219718,2002,805,136,941,858,70,61,131,93,1072,951
219790,2002,581,36,617,595,0,0,0,0,617,595
219806,2002,2278,175,2453,2347,113,73,186,141,2639,2488
219824,2002,3579,4832,8411,5201,0,0,0,0,8411,5201
219833,2002,1242,343,1585,1377,70,334,404,198,1989,1575
219842,2002,,,0,0,180,91,271,221,271,221
219879,2002,1660,1467,3127,2153,0,0,0,0,3127,2153
219888,2002,2394,2112,4506,3103,0,0,0,0,4506,3103
219903,2002,1242,,1242,1242,0,0,0,0,1242,1242
219921,2002,177,175,352,246,0,0,0,0,352,246
219949,2002,791,121,912,839,32,519,551,230,1463,1069
219976,2002,2073,283,2356,2184,64,163,227,132,2583,2316
219994,2002,327,31,358,339,0,0,0,0,358,339
220002,2002,299,431,730,470,0,0,0,0,730,470
220057,2002,1368,995,2363,1702,0,0,0,0,2363,1702
220075,2002,7608,1728,9336,8305,1150,879,2029,1468,11365,9773
220118,2002,160,,160,160,0,0,0,0,160,160
220127,2002,268,67,335,295,0,0,0,0,335,295
220136,2002,,,0,0,97,21,118,108,118,108
220163,2002,13,56,69,35,0,0,0,0,69,35
220181,2002,769,37,806,784,11,8,19,14,825,798
220206,2002,282,29,311,293,0,0,0,0,311,293
220215,2002,1382,61,1443,1406,95,388,483,243,1926,1649
220251,2002,347,155,502,409,0,0,0,0,502,409
220279,2002,140,16,156,146,0,0,0,0,156,146
220312,2002,346,74,420,375,0,0,0,0,420,375
220321,2002,216,148,364,275,0,0,0,0,364,275
220394,2002,40,2,42,41,0,0,0,0,42,41
220400,2002,2153,1796,3949,2756,0,0,0,0,3949,2756
220464,2002,70,31,101,82,0,0,0,0,101,82
220473,2002,652,54,706,673,28,89,117,62,823,735
220491,2002,33,,33,33,0,0,0,0,33,33
220516,2002,579,109,688,622,27,18,45,34,733,656
220552,2002,443,,443,443,0,0,0,0,443,443
220589,2002,812,76,888,842,0,0,0,0,888,842
220598,2002,802,11,813,806,0,0,0,0,813,806
220604,2002,608,112,720,652,0,0,0,0,720,652
220613,2002,3226,261,3487,3329,111,113,224,154,3711,3483
220631,2002,726,238,964,819,865,371,1236,1007,2200,1826
220640,2002,293,112,405,337,0,0,0,0,405,337
220701,2002,442,261,703,545,0,0,0,0,703,545
220710,2002,1242,24,1266,1251,0,0,0,0,1266,1251
220747,2002,70,51,121,90,0,0,0,0,121,90
220756,2002,185,47,232,204,0,0,0,0,232,204
220765,2002,30,,30,30,0,0,0,0,30,30
220792,2002,,,0,0,723,0,723,723,723,723
220808,2002,265,21,286,273,30,3,33,31,319,304
220853,2002,655,244,899,752,0,0,0,0,899,752
220862,2002,11065,3960,15025,12663,2299,2473,4772,3194,19797,15857
220871,2002,,,0,0,167,136,303,234,303,234
220899,2002,82,111,193,126,0,0,0,0,193,126
220941,2002,370,87,457,404,0,0,0,0,457,404
220978,2002,16126,3034,19160,17350,581,1422,2003,1095,21163,18445
220996,2002,,,0,0,129,0,129,129,129,129
221014,2002,741,16,757,747,59,23,82,68,839,815
221050,2002,541,332,873,673,0,0,0,0,873,673
221096,2002,2041,1590,3631,2575,0,0,0,0,3631,2575
221102,2002,218,21,239,226,0,0,0,0,239,226
221148,2002,1550,,1550,1550,0,0,0,0,1550,1550
221157,2002,214,,214,214,0,0,0,0,214,214
221184,2002,2008,4866,6874,3642,0,0,0,0,6874,3642
221236,2002,184,8,192,187,0,0,0,0,192,187
221254,2002,93,28,121,104,0,0,0,0,121,104
221281,2002,247,117,364,293,0,0,0,0,364,293
221290,2002,59,26,85,69,0,0,0,0,85,69
221333,2002,221,57,278,244,0,0,0,0,278,244
221351,2002,1518,23,1541,1527,11,1,12,11,1553,1538
221388,2002,113,8,121,116,0,0,0,0,121,116
221397,2002,2926,2307,5233,3701,0,0,0,0,5233,3701
221430,2002,168,29,197,180,0,0,0,0,197,180
221485,2002,5060,5979,11039,7067,0,0,0,0,11039,7067
221494,2002,308,108,416,351,0,0,0,0,416,351
221519,2002,1317,23,1340,1326,101,8,109,104,1449,1430
221582,2002,160,164,324,225,0,0,0,0,324,225
221591,2002,233,14,247,239,0,0,0,0,247,239
221607,2002,143,61,204,167,0,0,0,0,204,167
221616,2002,268,59,327,291,0,0,0,0,327,291
221625,2002,614,215,829,699,0,0,0,0,829,699
221634,2002,63,20,83,71,0,0,0,0,83,71
221643,2002,4075,3720,7795,5324,0,0,0,0,7795,5324
221661,2002,1911,288,2199,2024,28,63,91,52,2290,2076
221670,2002,,,0,0,467,0,467,467,467,467
221731,2002,612,191,803,687,0,0,0,0,803,687
221740,2002,5838,1295,7133,6361,446,945,1391,788,8524,7149
221759,2002,18054,1902,19956,18822,5775,2240,8015,6588,27971,25410
221768,2002,4612,702,5314,4895,93,321,414,209,5728,5104
221795,2002,210,1,211,210,0,0,0,0,211,210
221829,2002,250,,250,250,0,0,0,0,250,250
221838,2002,6160,1079,7239,6595,543,1099,1642,941,8881,7536
221847,2002,6444,807,7251,6770,484,1155,1639,902,8890,7672
221856,2002,542,19,561,549,6,18,24,13,585,562
221892,2002,904,281,1185,1014,606,87,693,639,1878,1653
221908,2002,2354,2238,4592,3105,0,0,0,0,4592,3105
221953,2002,1682,14,1696,1687,188,2,190,189,1886,1876
221971,2002,1585,350,1935,1722,556,84,640,588,2575,2310
221999,2002,6084,62,6146,6108,4150,416,4566,4315,10712,10423
222026,2002,48,,48,48,0,0,0,0,48,48
222053,2002,3402,3577,6979,4603,0,0,0,0,6979,4603
222062,2002,3010,2892,5902,3981,0,0,0,0,5902,3981
222099,2002,351,35,386,365,0,0,0,0,386,365
222105,2002,40,98,138,79,0,0,0,0,138,79
222178,2002,3944,242,4186,4039,246,236,482,342,4668,4381
222567,2002,1569,2588,4157,2438,0,0,0,0,4157,2438
222576,2002,3364,5984,9348,5373,0,0,0,0,9348,5373
222628,2002,412,283,695,523,456,622,1078,694,1773,1217
222673,2002,90,31,121,102,0,0,0,0,121,102
222682,2002,75,36,111,89,0,0,0,0,111,89
222691,2002,56,20,76,64,0,0,0,0,76,64
222707,2002,66,12,78,71,0,0,0,0,78,71
222761,2002,407,,407,407,0,0,0,0,407,407
222822,2002,1830,3153,4983,2889,0,0,0,0,4983,2889
222831,2002,4721,1058,5779,5148,159,317,476,274,6255,5422
222877,2002,172,28,200,183,0,0,0,0,200,183
222886,2002,191,51,242,211,0,0,0,0,242,211
222938,2002,992,483,1475,1184,0,0,0,0,1475,1184
222983,2002,1226,15,1241,1232,39,1,40,39,1281,1271
222992,2002,9517,26059,35576,18266,0,0,0,0,35576,18266
223001,2002,,,0,0,134,118,252,181,252,181
223056,2002,91,,91,91,0,0,0,0,91,91
223083,2002,233,,233,233,0,0,0,0,233,233
223117,2002,14,35,49,28,14,33,47,29,96,57
223214,2002,58,,58,58,821,171,992,883,1050,941
223223,2002,,,0,0,1262,3,1265,1264,1265,1264
223232,2002,11499,488,11987,11691,1751,421,2172,1926,14159,13617
223320,2002,1784,1896,3680,2421,0,0,0,0,3680,2421
223427,2002,7395,6411,13806,9547,0,0,0,0,13806,9547
223463,2002,580,,580,580,0,0,0,0,580,580
223472,2002,146,,146,146,0,0,0,0,146,146
223506,2002,1061,3034,4095,2080,0,0,0,0,4095,2080
223524,2002,3061,7439,10500,5559,0,0,0,0,10500,5559
223658,2002,234,,234,234,0,0,0,0,234,234
223667,2002,59,,59,59,0,0,0,0,59,59
223773,2002,1263,3040,4303,2284,0,0,0,0,4303,2284
223816,2002,2974,15018,17992,8016,0,0,0,0,17992,8016
223825,2002,60,,60,60,0,0,0,0,60,60
223852,2002,67,,67,67,0,0,0,0,67,67
223870,2002,46,33,79,59,0,0,0,0,79,59
223898,2002,1454,1513,2967,1962,0,0,0,0,2967,1962
223922,2002,394,579,973,588,0,0,0,0,973,588
224004,2002,664,366,1030,808,19,93,112,55,1142,863
224013,2002,20,33,53,33,0,0,0,0,53,33
224110,2002,2690,3421,6111,3839,0,0,0,0,6111,3839
224147,2002,4758,1340,6098,5299,409,1100,1509,807,7607,6106
224156,2002,74,,74,74,0,0,0,0,74,74
224183,2002,526,188,714,601,0,0,0,0,714,601
224226,2002,1717,1690,3407,2381,244,766,1010,537,4417,2918
224244,2002,216,82,298,248,0,0,0,0,298,248
224271,2002,164,1,165,164,0,0,0,0,165,164
224305,2002,,,0,0,898,699,1597,1194,1597,1194
224323,2002,1171,47,1218,1189,383,1569,1952,982,3170,2171
224350,2002,3815,7403,11218,6300,0,0,0,0,11218,6300
224402,2002,1738,1246,2984,2227,82,143,225,137,3209,2364
224439,2002,474,,474,474,0,0,0,0,474,474
224527,2002,1328,168,1496,1394,0,0,0,0,1496,1394
224536,2002,47,,47,47,0,0,0,0,47,47
224545,2002,354,535,889,570,131,365,496,263,1385,833
224554,2002,3345,1536,4881,3965,774,2887,3661,1818,8542,5783
224572,2002,3208,7586,10794,5755,0,0,0,0,10794,5755
224615,2002,1522,3969,5491,2855,0,0,0,0,5491,2855
224642,2002,9412,11905,21317,13409,0,0,0,0,21317,13409
224660,2002,622,134,756,675,0,0,0,0,756,675
224679,2002,339,,339,339,0,0,0,0,339,339
224712,2002,,,0,0,64,54,118,85,118,85
224758,2002,70,10,80,74,0,0,0,0,80,74
224776,2002,1019,461,1480,1200,0,0,0,0,1480,1200
224828,2002,218,,218,218,0,0,0,0,218,218
224891,2002,590,461,1051,745,0,0,0,0,1051,745
224907,2002,91,,91,91,0,0,0,0,91,91
224961,2002,716,1607,2323,1256,0,0,0,0,2323,1256
225070,2002,1697,1453,3150,2185,0,0,0,0,3150,2185
225201,2002,738,,738,738,0,0,0,0,738,738
225247,2002,1660,254,1914,1760,159,218,377,247,2291,2007
225308,2002,2173,3268,5441,3270,0,0,0,0,5441,3270
225371,2002,1303,1627,2930,1849,0,0,0,0,2930,1849
225399,2002,1729,212,1941,1812,518,286,804,627,2745,2439
225414,2002,1906,2111,4017,2758,1174,2562,3736,2101,7753,4859
225423,2002,12576,26952,39528,21625,0,0,0,0,39528,21625
225432,2002,5255,5168,10423,7341,5,100,105,41,10528,7382
225502,2002,360,654,1014,624,262,907,1169,590,2183,1214
225511,2002,18527,7756,26283,21657,4626,3534,8160,5963,34443,27620
225520,2002,1153,1572,2725,1681,0,0,0,0,2725,1681
225548,2002,1104,308,1412,1225,0,0,0,0,1412,1225
225566,2002,16,,16,16,0,0,0,0,16,16
225575,2002,508,134,642,561,0,0,0,0,642,561
225627,2002,2017,1320,3337,2536,147,593,740,374,4077,2910
225760,2002,552,239,791,647,0,0,0,0,791,647
225779,2002,329,127,456,379,0,0,0,0,456,379
225788,2002,435,181,616,507,0,0,0,0,616,507
225849,2002,491,25,516,501,0,0,0,0,516,501
225858,2002,516,49,565,535,0,0,0,0,565,535
225867,2002,238,,238,238,0,0,0,0,238,238
225876,2002,170,50,220,190,0,0,0,0,220,190
225885,2002,622,10,632,626,0,0,0,0,632,626
225991,2002,160,,160,160,0,0,0,0,160,160
226019,2002,2484,2093,4577,3187,0,0,0,0,4577,3187
226091,2002,5886,2782,8668,7009,629,505,1134,812,9802,7821
226107,2002,810,1166,1976,1201,0,0,0,0,1976,1201
226116,2002,1059,3374,4433,2192,0,0,0,0,4433,2192
226125,2002,150,,150,150,0,0,0,0,150,150
226134,2002,3073,4693,7766,4649,0,0,0,0,7766,4649
226152,2002,1931,977,2908,2325,145,670,815,387,3723,2712
226204,2002,1741,4665,6406,3307,0,0,0,0,6406,3307
226231,2002,1189,1732,2921,1869,45,372,417,187,3338,2056
226277,2002,651,,651,651,0,0,0,0,651,651
226329,2002,375,77,452,406,0,0,0,0,452,406
226374,2002,28,,28,28,0,0,0,0,28,28
226383,2002,1374,317,1691,1499,25,131,156,75,1847,1574
226408,2002,1216,2372,3588,2012,0,0,0,0,3588,2012
226471,2002,2118,358,2476,2259,54,125,179,102,2655,2361
226578,2002,2821,3737,6558,4076,0,0,0,0,6558,4076
226587,2002,1210,208,1418,1292,0,0,0,0,1418,1292
226675,2002,254,,254,254,0,0,0,0,254,254
226772,2002,18,41,59,34,0,0,0,0,59,34
226790,2002,718,,718,718,0,0,0,0,718,718
226806,2002,957,1721,2678,1535,0,0,0,0,2678,1535
226833,2002,3833,1682,5515,4512,163,540,703,358,6218,4870
226860,2002,74,,74,74,0,0,0,0,74,74
226879,2002,187,,187,187,0,0,0,0,187,187
226903,2002,213,,213,213,0,0,0,0,213,213
226930,2002,2040,4511,6551,3555,0,0,0,0,6551,3555
227003,2002,1677,,1677,1677,0,0,0,0,1677,1677
227049,2002,,124,124,49,0,0,0,0,124,49
227058,2002,58,74,132,87,0,0,0,0,132,87
227146,2002,2866,2185,5051,3600,0,0,0,0,5051,3600
227155,2002,5,13,18,10,0,0,0,0,18,10
227182,2002,10424,21268,31692,17564,0,0,0,0,31692,17564
227191,2002,2935,6625,9560,5159,0,0,0,0,9560,5159
227216,2002,17739,4879,22618,19708,2448,5117,7565,4299,30183,24007
227225,2002,973,1311,2284,1413,0,0,0,0,2284,1413
227243,2002,933,246,1179,1030,0,0,0,0,1179,1030
227289,2002,6,18,24,13,41,32,73,58,97,71
227298,2002,121,,121,121,0,0,0,0,121,121
227304,2002,1701,3234,4935,2787,0,0,0,0,4935,2787
227313,2002,178,,178,178,0,0,0,0,178,178
227322,2002,102,,102,102,0,0,0,0,102,102
227331,2002,1304,943,2247,1674,241,907,1148,588,3395,2262
227368,2002,8608,3901,12509,10182,454,1429,1883,971,14392,11153
227377,2002,4313,4885,9198,6284,52,723,775,314,9973,6598
227386,2002,977,717,1694,1218,0,0,0,0,1694,1218
227401,2002,1682,1979,3661,2346,0,0,0,0,3661,2346
227429,2002,732,139,871,787,0,0,0,0,871,787
227526,2002,5107,610,5717,5353,496,1042,1538,873,7255,6226
227687,2002,475,386,861,605,0,0,0,0,861,605
227757,2002,2748,23,2771,2757,1815,47,1862,1833,4633,4590
227766,2002,5197,9069,14266,8242,0,0,0,0,14266,8242
227836,2002,901,,901,901,0,0,0,0,901,901
227845,2002,2389,1013,3402,2787,111,754,865,399,4267,3186
227854,2002,3809,5169,8978,5544,0,0,0,0,8978,5544
227863,2002,1332,570,1902,1556,340,2874,3214,1441,5116,2997
227872,2002,9,12,21,14,0,0,0,0,21,14
227881,2002,9293,1929,11222,10071,459,1410,1869,969,13091,11040
227924,2002,7688,12714,20402,11957,0,0,0,0,20402,11957
227979,2002,3533,7750,11283,6135,0,0,0,0,11283,6135
227997,2002,1725,3311,5036,2837,0,0,0,0,5036,2837
228006,2002,2490,4735,7225,4080,0,0,0,0,7225,4080
228042,2002,652,87,739,686,41,0,41,41,780,727
228088,2002,45,,45,45,0,0,0,0,45,45
228149,2002,2481,244,2725,2577,922,596,1518,1152,4243,3729
228158,2002,3498,5662,9160,5399,0,0,0,0,9160,5399
228194,2002,,,0,0,888,352,1240,1080,1240,1080
228200,2002,141,47,188,160,0,0,0,0,188,160
228219,2002,273,1,274,273,0,0,0,0,274,273
228246,2002,5820,390,6210,5973,2208,2537,4745,3207,10955,9180
228282,2002,206,,206,206,0,0,0,0,206,206
228291,2002,96,,96,96,0,0,0,0,96,96
228316,2002,1763,2692,4455,2667,0,0,0,0,4455,2667
228325,2002,1318,209,1527,1400,54,95,149,90,1676,1490
228343,2002,1245,21,1266,1253,0,0,0,0,1266,1253
228431,2002,8546,1263,9809,9056,538,1009,1547,903,11356,9959
228459,2002,16978,4117,21095,18639,1389,2557,3946,2314,25041,20953
228468,2002,738,334,1072,869,12,23,35,21,1107,890
228477,2002,49,186,235,122,1155,1618,2773,1994,3008,2116
228486,2002,183,26,209,193,0,0,0,0,209,193
228501,2002,1456,518,1974,1665,209,679,888,455,2862,2120
228529,2002,5437,1529,6966,6054,252,1102,1354,651,8320,6705
228547,2002,11459,19791,31250,18104,0,0,0,0,31250,18104
228608,2002,1389,2275,3664,2153,0,0,0,0,3664,2153
228635,2002,110,59,169,134,1425,52,1477,1444,1646,1578
228644,2002,720,188,908,796,1629,190,1819,1698,2727,2494
228653,2002,288,269,557,397,1298,83,1381,1328,1938,1725
228680,2002,3003,1140,4143,3386,0,0,0,0,4143,3386
228699,2002,1550,2345,3895,2337,0,0,0,0,3895,2337
228705,2002,4004,1228,5232,4500,422,902,1324,748,6556,5248
228714,2002,1389,128,1517,1441,11,28,39,21,1556,1462
228723,2002,33655,3120,36775,34914,6343,1965,8308,7054,45083,41968
228769,2002,12408,5242,17650,14523,2710,3461,6171,3962,23821,18485
228778,2002,35502,4159,39661,37180,11425,1175,12600,11857,52261,49037
228787,2002,5351,2608,7959,6403,2060,3210,5270,3221,13229,9624
228796,2002,10701,3683,14384,12187,1024,1824,2848,1684,17232,13871
228802,2002,2118,926,3044,2492,236,986,1222,593,4266,3085
228820,2002,259,,259,259,0,0,0,0,259,259
228866,2002,52,,52,52,446,2,448,447,500,499
228875,2002,6286,565,6851,6508,501,722,1223,798,8074,7306
228884,2002,595,22,617,604,0,0,0,0,617,604
228909,2002,,,0,0,796,173,969,859,969,859
228981,2002,1257,111,1368,1301,0,0,0,0,1368,1301
229018,2002,1394,619,2013,1644,143,540,683,338,2696,1982
229027,2002,13434,5295,18729,15571,957,2330,3287,1800,22016,17371
229036,2002,558,,558,558,0,0,0,0,558,558
229063,2002,6759,1052,7811,7184,1212,716,1928,1522,9739,8706
229115,2002,20105,2663,22768,21180,3199,1602,4801,3781,27569,24961
229151,2002,98,,98,98,0,0,0,0,98,98
229160,2002,996,627,1623,1242,664,526,1190,913,2813,2155
229179,2002,3440,1377,4817,3996,1057,2820,3877,2077,8694,6073
229267,2002,2357,50,2407,2377,128,87,215,161,2622,2538
229300,2002,344,15,359,350,2074,898,2972,2399,3331,2749
229319,2002,2113,1960,4073,2771,0,0,0,0,4073,2771
229328,2002,1076,552,1628,1261,0,0,0,0,1628,1261
229337,2002,384,98,482,424,1282,208,1490,1358,1972,1782
229355,2002,4865,4218,9083,6281,0,0,0,0,9083,6281
229416,2002,2075,,2075,2075,0,0,0,0,2075,2075
229425,2002,156,216,372,242,0,0,0,0,372,242
229504,2002,675,1848,2523,1295,0,0,0,0,2523,1295
229522,2002,39,47,86,58,0,0,0,0,86,58
229540,2002,1530,2537,4067,2382,0,0,0,0,4067,2382
229780,2002,939,4188,5127,2584,68,578,646,289,5773,2873
229799,2002,1861,1742,3603,2446,0,0,0,0,3603,2446
229814,2002,4298,1111,5409,4746,346,1025,1371,717,6780,5463
229832,2002,473,1163,1636,863,0,0,0,0,1636,863
229841,2002,2708,3063,5771,3736,0,0,0,0,5771,3736
229887,2002,648,18,666,655,0,0,0,0,666,655
229957,2002,205,,205,205,0,0,0,0,205,205
229984,2002,55,9,64,59,0,0,0,0,64,59
230010,2002,229,359,588,372,0,0,0,0,588,372
230038,2002,26118,3261,29379,27399,1896,1133,3029,2330,32408,29729
230047,2002,2407,122,2529,2455,0,0,0,0,2529,2455
230056,2002,245,,245,245,0,0,0,0,245,245
230074,2002,2,74,76,31,0,0,0,0,76,31
230092,2002,1610,1036,2646,1958,0,0,0,0,2646,1958
230135,2002,45,38,83,60,0,0,0,0,83,60
230144,2002,38,42,80,55,0,0,0,0,80,55
230162,2002,462,309,771,566,0,0,0,0,771,566
230171,2002,3269,3982,7251,4876,0,0,0,0,7251,4876
230199,2002,42,,42,42,0,0,0,0,42,42
230205,2002,45,,45,45,0,0,0,0,45,45
230214,2002,26,50,76,46,0,0,0,0,76,46
230223,2002,15,22,37,24,0,0,0,0,37,24
230366,2002,286,,286,286,0,0,0,0,286,286
230384,2002,404,57,461,426,0,0,0,0,461,426
230418,2002,857,267,1124,963,0,0,0,0,1124,963
230472,2002,572,571,1143,799,0,0,0,0,1143,799
230490,2002,447,1107,1554,887,0,0,0,0,1554,887
230560,2002,578,683,1261,849,0,0,0,0,1261,849
230597,2002,2490,1278,3768,2919,0,0,0,0,3768,2919
230603,2002,4458,1222,5680,4951,41,160,201,99,5881,5050
230621,2002,479,,479,479,0,0,0,0,479,479
230630,2002,285,,285,285,0,0,0,0,285,285
230676,2002,290,209,499,373,0,0,0,0,499,373
230728,2002,13014,6722,19736,15727,1141,1971,3112,1854,22848,17581
230737,2002,12301,11308,23609,16864,0,0,0,0,23609,16864
230746,2002,8616,14731,23347,13562,0,0,0,0,23347,13562
230764,2002,15110,7538,22648,18152,4242,1479,5721,4778,28369,22930
230782,2002,10513,7281,17794,13451,98,167,265,158,18059,13609
230807,2002,1653,262,1915,1756,110,328,438,235,2353,1991
230816,2002,576,4,580,578,136,13,149,141,729,719
230825,2002,171,104,275,212,0,0,0,0,275,212
230834,2002,1432,211,1643,1517,31,51,82,49,1725,1566
230852,2002,1568,898,2466,1921,13,29,42,24,2508,1945
230861,2002,771,4211,4982,2185,0,0,0,0,4982,2185
230889,2002,197,,197,197,305,0,305,305,502,502
230898,2002,627,34,661,640,0,0,0,0,661,640
230913,2002,1054,389,1443,1211,64,139,203,114,1646,1325
230931,2002,1037,243,1280,1135,0,35,35,13,1315,1148
230940,2002,304,8,312,307,79,16,95,85,407,392
230959,2002,2266,55,2321,2288,0,6,6,2,2327,2290
230977,2002,295,,295,295,0,0,0,0,295,295
230995,2002,1693,37,1730,1708,138,11,149,142,1879,1850
231004,2002,57,8,65,60,0,0,0,0,65,60
231059,2002,1978,64,2042,2003,90,507,597,284,2639,2287
231068,2002,,,0,0,209,371,580,351,580,351
231077,2002,165,126,291,214,69,160,229,130,520,344
231086,2002,328,120,448,375,0,0,0,0,448,375
231095,2002,94,10,104,98,0,0,0,0,104,98
231147,2002,,,0,0,558,10,568,562,568,562
231165,2002,911,345,1256,1050,0,0,0,0,1256,1050
231174,2002,7419,1373,8792,7973,912,610,1522,1133,10314,9106
231192,2002,90,36,126,104,30,9,39,33,165,137
231280,2002,89,12,101,94,0,0,0,0,101,94
231402,2002,,,0,0,0,60,60,23,60,23
231411,2002,453,,453,453,0,0,0,0,453,453
231420,2002,1258,729,1987,1544,300,452,752,473,2739,2017
231536,2002,1200,2330,3530,1982,0,0,0,0,3530,1982
231554,2002,811,47,858,829,0,0,0,0,858,829
231572,2002,67,1,68,67,0,0,0,0,68,67
231581,2002,1343,20,1363,1351,0,0,0,0,1363,1351
231624,2002,5607,87,5694,5642,1452,499,1951,1633,7645,7275
231642,2002,754,,754,754,0,0,0,0,754,754
231651,2002,,100,100,39,868,2152,3020,1724,3120,1763
231697,2002,1088,3495,4583,2261,0,0,0,0,4583,2261
231712,2002,4268,924,5192,4641,43,156,199,99,5391,4740
231721,2002,7,22,29,16,0,0,0,0,29,16
231785,2002,235,105,340,276,0,0,0,0,340,276
231828,2002,218,193,411,294,0,0,0,0,411,294
231837,2002,423,274,697,531,0,0,0,0,697,531
231873,2002,375,1069,1444,734,0,0,0,0,1444,734
231882,2002,1262,2660,3922,2155,0,0,0,0,3922,2155
231970,2002,,,0,0,646,0,646,646,646,646
232016,2002,296,,296,296,0,0,0,0,296,296
232025,2002,923,37,960,938,0,44,44,17,1004,955
232043,2002,957,39,996,972,111,245,356,213,1352,1185
232052,2002,244,636,880,458,0,0,0,0,880,458
232089,2002,915,36,951,929,0,0,0,0,951,929
232186,2002,12219,4468,16687,14022,1976,8133,10109,5014,26796,19036
232195,2002,1186,3230,4416,2270,0,0,0,0,4416,2270
232256,2002,1032,6,1038,1034,0,0,0,0,1038,1034
232265,2002,4486,493,4979,4680,391,423,814,553,5793,5233
232292,2002,43,33,76,56,0,0,0,0,76,56
232308,2002,795,52,847,815,92,214,306,174,1153,989
232353,2002,13,,13,13,0,0,0,0,13,13
232362,2002,,,0,0,8,0,8,8,8,8
232414,2002,2688,8101,10789,5408,0,0,0,0,10789,5408
232423,2002,14063,765,14828,14372,444,693,1137,695,15965,15067
232450,2002,1377,4463,5840,2875,0,0,0,0,5840,2875
232469,2002,670,39,709,685,0,0,0,0,709,685
232502,2002,865,,865,865,0,0,0,0,865,865
232557,2002,5405,1041,6446,5814,333,930,1263,702,7709,6516
232566,2002,3508,132,3640,3561,61,477,538,234,4178,3795
232575,2002,1350,3135,4485,2403,0,0,0,0,4485,2403
232593,2002,20,,20,20,0,0,0,0,20,20
232609,2002,1548,117,1665,1594,83,126,209,131,1874,1725
232618,2002,123,40,163,139,0,0,0,0,163,139
232672,2002,1115,399,1514,1272,54,57,111,76,1625,1348
232681,2002,3526,749,4275,3828,59,401,460,204,4735,4032
232706,2002,1684,461,2145,1865,451,1042,1493,849,3638,2714
232724,2002,74,,74,74,0,0,0,0,74,74
232788,2002,1245,1769,3014,1839,0,0,0,0,3014,1839
232797,2002,446,393,839,600,0,0,0,0,839,600
232867,2002,1811,2127,3938,2525,0,0,0,0,3938,2525
232885,2002,217,,217,217,0,0,0,0,217,217
232919,2002,52,,52,52,0,0,0,0,52,52
232937,2002,4742,1226,5968,5237,331,540,871,526,6839,5763
232946,2002,12286,26843,39129,21298,0,0,0,0,39129,21298
232982,2002,9104,4474,13578,10909,1379,5148,6527,3241,20105,14150
233019,2002,1192,2006,3198,1865,0,0,0,0,3198,1865
233037,2002,317,1230,1547,730,0,0,0,0,1547,730
233082,2002,129,17,146,135,0,0,0,0,146,135
233091,2002,136,53,189,157,0,0,0,0,189,157
233116,2002,1001,3272,4273,2100,0,0,0,0,4273,2100
233189,2002,107,,107,107,0,0,0,0,107,107
233277,2002,7638,562,8200,7865,416,626,1042,642,9242,8507
233286,2002,29,4,33,31,0,0,0,0,33,31
233295,2002,1122,39,1161,1137,0,0,0,0,1161,1137
233301,2002,736,33,769,749,0,0,0,0,769,749
233310,2002,686,2161,2847,1412,0,0,0,0,2847,1412
233329,2002,92,74,166,121,0,0,0,0,166,121
233338,2002,690,615,1305,896,0,0,0,0,1305,896
233356,2002,260,11,271,264,0,0,0,0,271,264
233365,2002,142,16,158,148,0,0,0,0,158,148
233374,2002,2999,736,3735,3288,553,166,719,618,4454,3906
233408,2002,141,,141,141,0,0,0,0,141,141
233417,2002,44,,44,44,0,0,0,0,44,44
233426,2002,1712,110,1822,1755,0,0,0,0,1822,1755
233499,2002,646,54,700,667,0,0,0,0,700,667
233541,2002,1287,104,1391,1328,570,622,1192,824,2583,2152
233596,2002,26,,26,26,0,0,0,0,26,26
233611,2002,475,28,503,486,0,0,0,0,503,486
233639,2002,1436,3495,4931,2609,0,0,0,0,4931,2609
233648,2002,1800,2064,3864,2493,0,0,0,0,3864,2493
233657,2002,120,38,158,135,0,0,0,0,158,135
233666,2002,22,5,27,24,0,0,0,0,27,24
233718,2002,647,36,683,661,0,0,0,0,683,661
233754,2002,2694,5294,7988,4471,0,0,0,0,7988,4471
233772,2002,6909,14789,21698,11874,0,0,0,0,21698,11874
233842,2002,,,0,0,239,133,372,298,372,298
233897,2002,1311,321,1632,1441,0,0,0,0,1632,1441
233903,2002,1074,1521,2595,1585,0,0,0,0,2595,1585
233912,2002,890,125,1015,939,0,0,0,0,1015,939
233921,2002,20821,652,21473,21084,3958,2596,6554,4897,28027,25981
233949,2002,2044,6420,8464,4199,0,0,0,0,8464,4199
234030,2002,13219,4850,18069,15176,3888,4052,7940,5361,26009,20537
234076,2002,12909,896,13805,13271,5624,3715,9339,6968,23144,20239
234085,2002,1299,,1299,1299,0,0,0,0,1299,1299
234119,2002,61,25,86,71,0,0,0,0,86,71
234155,2002,3820,324,4144,3951,68,762,830,344,4974,4295
234164,2002,1226,34,1260,1239,342,20,362,353,1622,1592
234173,2002,1057,339,1396,1190,0,0,0,0,1396,1190
234191,2002,84,,84,84,0,0,0,0,84,84
234207,2002,1692,4,1696,1694,373,1,374,374,2070,2068
234216,2002,272,161,433,336,0,0,0,0,433,336
234225,2002,169,8,177,172,0,0,0,0,177,172
234359,2002,266,,266,266,0,0,0,0,266,266
234377,2002,897,1728,2625,1477,0,0,0,0,2625,1477
234401,2002,40,7,47,43,0,0,0,0,47,43
234492,2002,2038,489,2527,2232,0,0,0,0,2527,2232
234650,2002,81,,81,81,0,0,0,0,81,81
234669,2002,5492,6901,12393,7809,0,0,0,0,12393,7809
234687,2002,94,,94,94,0,0,0,0,94,94
234696,2002,795,2265,3060,1555,0,0,0,0,3060,1555
234711,2002,1246,701,1947,1481,0,0,0,0,1947,1481
234739,2002,118,,118,118,0,0,0,0,118,118
234784,2002,1356,,1356,1356,0,0,0,0,1356,1356
234827,2002,7647,1036,8683,8065,250,270,520,348,9203,8413
234845,2002,1471,1865,3336,2097,0,0,0,0,3336,2097
234915,2002,874,658,1532,1132,1231,827,2058,1547,3590,2679
234924,2002,61,,61,61,0,0,0,0,61,61
234933,2002,4097,5551,9648,5961,0,0,0,0,9648,5961
234951,2002,1987,6065,8052,4023,0,0,0,0,8052,4023
234960,2002,114,135,249,167,0,0,0,0,249,167
234979,2002,2750,3503,6253,3926,0,0,0,0,6253,3926
235024,2002,637,28,665,648,0,0,0,0,665,648
235088,2002,146,,146,146,0,0,0,0,146,146
235097,2002,7472,1326,8798,8007,665,461,1126,832,9924,8839
235103,2002,3594,4630,8224,5148,0,0,0,0,8224,5148
235149,2002,3163,3275,6438,4263,0,0,0,0,6438,4263
235158,2002,52,,52,52,0,0,0,0,52,52
235167,2002,3537,544,4081,3757,125,161,286,183,4367,3940
235237,2002,3026,4131,7157,4413,0,0,0,0,7157,4413
235273,2002,14,,14,14,0,0,0,0,14,14
235307,2002,62,,62,62,0,0,0,0,62,62
235316,2002,3479,214,3693,3563,694,867,1561,1028,5254,4591
235334,2002,1156,1025,2181,1500,0,0,0,0,2181,1500
235343,2002,3694,2739,6433,4614,0,0,0,0,6433,4614
235352,2002,99,,99,99,0,0,0,0,99,99
235422,2002,404,329,733,533,393,150,543,450,1276,983
235431,2002,3418,3369,6787,4549,0,0,0,0,6787,4549
235495,2002,53,3,56,54,0,0,0,0,56,54
235501,2002,222,,222,222,0,0,0,0,222,222
235510,2002,404,56,460,426,0,0,0,0,460,426
235529,2002,438,43,481,455,0,0,0,0,481,455
235547,2002,183,29,212,194,711,231,942,812,1154,1006
235583,2002,164,,164,164,0,0,0,0,164,164
235671,2002,2719,3520,6239,3901,0,0,0,0,6239,3901
235699,2002,1693,2062,3755,2385,0,0,0,0,3755,2385
235750,2002,1966,1506,3472,2472,0,0,0,0,3472,2472
235769,2002,109,41,150,125,0,0,0,0,150,125
236018,2002,61,,61,61,0,0,0,0,61,61
236027,2002,34,,34,34,0,0,0,0,34,34
236072,2002,2425,3632,6057,3644,0,0,0,0,6057,3644
236090,2002,,,0,0,28,52,80,56,80,56
236133,2002,1010,72,1082,1038,35,3,38,36,1120,1074
236188,2002,3164,2987,6151,4167,0,0,0,0,6151,4167
236212,2002,467,,467,467,0,0,0,0,467,467
236230,2002,2866,267,3133,2971,162,90,252,196,3385,3167
236258,2002,1519,2704,4223,2427,0,0,0,0,4223,2427
236267,2002,43,,43,43,0,0,0,0,43,43
236300,2002,128,31,159,140,0,0,0,0,159,140
236328,2002,2541,63,2604,2566,158,84,242,190,2846,2756
236382,2002,1392,2940,4332,2379,0,0,0,0,4332,2379
236452,2002,700,570,1270,924,312,123,435,359,1705,1283
236504,2002,1831,4834,6665,3454,0,0,0,0,6665,3454
236513,2002,3966,3213,7179,5045,0,0,0,0,7179,5045
236531,2002,478,,478,478,0,0,0,0,478,478
236559,2002,41,7,48,44,0,0,0,0,48,44
236577,2002,2524,294,2818,2639,241,625,866,480,3684,3119
236595,2002,3285,242,3527,3380,1240,1503,2743,1851,6270,5231
236610,2002,3856,3344,7200,4979,0,0,0,0,7200,4979
236638,2002,2585,3187,5772,3655,0,0,0,0,5772,3655
236656,2002,2304,2362,4666,3097,0,0,0,0,4666,3097
236692,2002,4725,2414,7139,5535,0,0,0,0,7139,5535
236708,2002,4628,4629,9257,6182,0,0,0,0,9257,6182
236744,2002,45,,45,45,0,0,0,0,45,45
236753,2002,3507,3047,6554,4530,0,0,0,0,6554,4530
236887,2002,2164,2276,4440,2928,0,0,0,0,4440,2928
236896,2002,1452,158,1610,1514,224,31,255,236,1865,1750
236939,2002,15231,2793,18024,16358,2619,1237,3856,3069,21880,19427
236948,2002,23552,5476,29028,25762,9023,1831,10854,9704,39882,35466
236975,2002,1887,1245,3132,2305,0,0,0,0,3132,2305
236993,2002,414,148,562,473,0,0,0,0,562,473
237011,2002,11388,1099,12487,11831,852,526,1378,1042,13865,12873
237039,2002,2285,1934,4219,2934,0,0,0,0,4219,2934
237057,2002,1416,38,1454,1431,0,0,0,0,1454,1431
237066,2002,1863,108,1971,1905,80,155,235,139,2206,2044
237109,2002,2883,1607,4490,3423,0,0,0,0,4490,3423
237118,2002,637,66,703,663,75,0,75,75,778,738
237127,2002,35,,35,35,0,0,0,0,35,35
237136,2002,221,43,264,238,0,0,0,0,264,238
237145,2002,20,,20,20,0,0,0,0,20,20
237154,2002,2148,693,2841,2420,235,16,251,241,3092,2661
237172,2002,197,313,510,302,0,0,0,0,510,302
237181,2002,882,5,887,884,0,0,0,0,887,884
237215,2002,1944,888,2832,2302,0,0,0,0,2832,2302
237242,2002,255,150,405,305,0,0,0,0,405,305
237303,2002,88,,88,88,0,0,0,0,88,88
237312,2002,776,185,961,849,0,48,48,18,1009,867
237321,2002,64,,64,64,0,0,0,0,64,64
237330,2002,2195,676,2871,2468,0,0,0,0,2871,2468
237358,2002,571,83,654,604,0,0,0,0,654,604
237367,2002,4734,2072,6806,5570,0,0,0,0,6806,5570
237385,2002,1526,655,2181,1790,0,0,0,0,2181,1790
237419,2002,37,,37,37,0,0,0,0,37,37
237437,2002,612,29,641,624,0,0,0,0,641,624
237473,2002,173,1,174,173,0,0,0,0,174,173
237491,2002,46,9,55,50,0,0,0,0,55,50
237516,2002,29,,29,29,0,0,0,0,29,29
237525,2002,9569,2647,12216,10637,1456,2869,4325,2494,16541,13131
237543,2002,60,,60,60,0,0,0,0,60,60
237552,2002,84,,84,84,0,0,0,0,84,84
237561,2002,125,12,137,130,0,0,0,0,137,130
237570,2002,31,2,33,32,0,0,0,0,33,32
237598,2002,123,,123,123,0,0,0,0,123,123
237604,2002,1061,,1061,1061,0,0,0,0,1061,1061
237613,2002,76,,76,76,0,0,0,0,76,76
237640,2002,513,9,522,517,0,0,0,0,522,517
237686,2002,1890,1480,3370,2487,0,0,0,0,3370,2487
237701,2002,806,502,1308,975,0,0,0,0,1308,975
237729,2002,64,214,278,149,0,0,0,0,278,149
237783,2002,358,83,441,391,15,110,125,57,566,448
237792,2002,2996,1680,4676,3674,0,0,0,0,4676,3674
237817,2002,1429,1117,2546,1804,0,0,0,0,2546,1804
237844,2002,342,16,358,348,0,0,0,0,358,348
237880,2002,,,0,0,308,0,308,308,308,308
237899,2002,3211,1781,4992,3930,0,5,5,2,4997,3932
237905,2002,45,,45,45,0,0,0,0,45,45
237932,2002,2164,304,2468,2287,0,23,23,8,2491,2295
237950,2002,1705,732,2437,2000,32,1,33,32,2470,2032
237969,2002,1530,30,1560,1542,22,12,34,27,1594,1569
237978,2002,124,,124,124,0,0,0,0,124,124
237987,2002,250,,250,250,0,0,0,0,250,250
237996,2002,171,,171,171,0,0,0,0,171,171
238005,2002,51,,51,51,0,0,0,0,51,51
238014,2002,1165,1687,2852,1731,0,0,0,0,2852,1731
238032,2002,15696,996,16692,16098,4067,2733,6800,5062,23492,21160
238078,2002,1121,197,1318,1198,57,328,385,182,1703,1380
238096,2002,31,,31,31,0,0,0,0,31,31
238166,2002,55,,55,55,0,0,0,0,55,55
238175,2002,81,,81,81,0,0,0,0,81,81
238193,2002,1069,731,1800,1356,2,197,199,77,1999,1433
238263,2002,6274,9347,15621,9412,0,0,0,0,15621,9412
238315,2002,12,,12,12,0,0,0,0,12,12
238324,2002,141,35,176,155,0,0,0,0,176,155
238333,2002,1213,68,1281,1240,0,0,0,0,1281,1240
238397,2002,1015,1612,2627,1556,0,0,0,0,2627,1556
238421,2002,25,28,53,36,0,0,0,0,53,36
238430,2002,2938,308,3246,3059,1947,1761,3708,2620,6954,5679
238458,2002,2014,691,2705,2285,34,229,263,121,2968,2406
238476,2002,1842,546,2388,2056,1,131,132,51,2520,2107
238616,2002,2866,1109,3975,3302,537,392,929,687,4904,3989
238661,2002,1305,426,1731,1472,96,437,533,263,2264,1735
238722,2002,1742,5519,7261,3595,0,0,0,0,7261,3595
238759,2002,1304,5512,6816,3155,0,0,0,0,6816,3155
238786,2002,86,,86,86,0,0,0,0,86,86
238810,2002,47,37,84,62,0,0,0,0,84,62
238856,2002,62,2,64,63,5,0,5,5,69,68
238883,2002,,,0,0,69,0,69,69,69,69
238892,2002,826,81,907,858,0,0,0,0,907,858
238935,2002,,,0,0,41,352,393,175,393,175
238971,2002,68,,68,68,0,0,0,0,68,68
238980,2002,1257,1997,3254,2042,19,313,332,139,3586,2181
239008,2002,722,2865,3587,1684,0,0,0,0,3587,1684
239017,2002,1323,66,1389,1349,0,0,0,0,1389,1349
239071,2002,725,51,776,745,4,24,28,13,804,758
239080,2002,1175,570,1745,1399,10,917,927,360,2672,1759
239105,2002,7140,504,7644,7338,1925,1473,3398,2512,11042,9850
239132,2002,163,,163,163,0,0,0,0,163,163
239169,2002,,,0,0,983,240,1223,1075,1223,1075
239187,2002,15,,15,15,0,0,0,0,15,15
239220,2002,1007,3111,4118,2051,0,0,0,0,4118,2051
239248,2002,5647,12068,17715,9699,0,0,0,0,17715,9699
239309,2002,581,66,647,607,0,0,0,0,647,607
239318,2002,1838,434,2272,2008,36,278,314,142,2586,2150
239372,2002,1225,5875,7100,3197,0,0,0,0,7100,3197
239390,2002,616,607,1223,854,42,136,178,94,1401,948
239424,2002,,,0,0,40,18,58,47,58,47
239442,2002,704,977,1681,1032,0,0,0,0,1681,1032
239460,2002,1251,2704,3955,2159,0,0,0,0,3955,2159
239488,2002,2627,7417,10044,5117,0,0,0,0,10044,5117
239512,2002,687,48,735,706,0,7,7,3,742,709
239628,2002,971,16,987,977,0,0,0,0,987,977
239637,2002,,,0,0,67,33,100,80,100,80
239716,2002,1951,67,2018,1977,1,55,56,22,2074,1999
239725,2002,89,13,102,94,0,0,0,0,102,94
239743,2002,264,469,733,448,61,352,413,195,1146,643
239752,2002,,,0,0,55,90,145,97,145,97
239877,2002,52,7,59,55,0,0,0,0,59,55
239910,2002,778,1083,1861,1142,0,0,0,0,1861,1142
239929,2002,445,120,565,492,0,0,0,0,565,492
239965,2002,15,,15,15,0,0,0,0,15,15
240055,2002,8368,3986,12354,9706,0,0,0,0,12354,9706
240107,2002,1431,347,1778,1567,38,515,553,235,2331,1802
240116,2002,2085,3100,5185,3126,0,0,0,0,5185,3126
240125,2002,1306,5857,7163,3272,0,0,0,0,7163,3272
240170,2002,2077,3192,5269,3149,0,0,0,0,5269,3149
240189,2002,8603,910,9513,8970,348,935,1283,686,10796,9656
240198,2002,1568,3002,4570,2576,0,0,0,0,4570,2576
240213,2002,,,0,0,7,41,48,23,48,23
240240,2002,72,,72,72,0,0,0,0,72,72
240268,2002,9579,846,10425,9920,98,438,536,256,10961,10176
240277,2002,4252,1080,5332,4688,39,216,255,117,5587,4805
240329,2002,7687,455,8142,7871,298,1178,1476,724,9618,8595
240338,2002,629,40,669,645,0,0,0,0,669,645
240365,2002,8413,1327,9740,8949,161,1582,1743,733,11483,9682
240374,2002,3402,1318,4720,3934,21,136,157,70,4877,4004
240392,2002,891,80,971,922,0,0,0,0,971,922
240417,2002,6604,815,7419,6933,301,511,812,486,8231,7419
240426,2002,2075,438,2513,2252,83,291,374,188,2887,2440
240444,2002,27028,2680,29708,28109,9202,1974,11176,9958,40884,38067
240453,2002,15694,4565,20259,17536,1748,2580,4328,2681,24587,20217
240462,2002,4942,681,5623,5217,71,369,440,204,6063,5421
240471,2002,4864,399,5263,5025,158,253,411,250,5674,5275
240480,2002,7640,757,8397,7945,100,388,488,240,8885,8185
240505,2002,1933,1941,3874,2585,0,0,0,0,3874,2585
240514,2002,729,1095,1824,1097,0,0,0,0,1824,1097
240596,2002,532,836,1368,813,0,0,0,0,1368,813
240620,2002,1438,2683,4121,2339,0,0,0,0,4121,2339
240657,2002,1039,587,1626,1236,0,0,0,0,1626,1236
240666,2002,905,1586,2491,1437,0,0,0,0,2491,1437
240693,2002,1028,1589,2617,1561,0,0,0,0,2617,1561
240709,2002,22,14,36,28,0,0,0,0,36,28
240718,2002,1939,,1939,1939,0,0,0,0,1939,1939
240727,2002,7598,1652,9250,8265,1273,2222,3495,2079,12745,10344
240736,2002,634,733,1367,880,0,0,0,0,1367,880
240745,2002,545,1341,1886,995,0,0,0,0,1886,995
240754,2002,1901,816,2717,2230,85,350,435,212,3152,2442
240790,2002,783,516,1299,991,0,0,0,0,1299,991
240879,2002,349,,349,349,0,0,0,0,349,349
240985,2002,337,,337,337,0,0,0,0,337,337
241100,2002,1922,405,2327,2081,22,6,28,24,2355,2105
241128,2002,1594,343,1937,1729,0,0,0,0,1937,1729
241146,2002,495,,495,495,0,0,0,0,495,495
241182,2002,156,,156,156,0,0,0,0,156,156
241191,2002,714,71,785,742,23,3,26,24,811,766
241216,2002,486,69,555,513,32,7,39,35,594,548
241225,2002,2345,702,3047,2621,215,131,346,265,3393,2886
241304,2002,460,431,891,629,28,15,43,34,934,663
241331,2002,117,88,205,152,383,231,614,471,819,623
241377,2002,885,633,1518,1134,94,57,151,116,1669,1250
241386,2002,395,199,594,473,66,57,123,88,717,561
241395,2002,471,110,581,514,223,41,264,239,845,753
241410,2002,4882,663,5545,5142,803,1188,1991,1258,7536,6400
241517,2002,1529,,1529,1529,0,0,0,0,1529,1529
241614,2002,133,89,222,168,0,0,0,0,222,168
241702,2002,205,,205,205,0,0,0,0,205,205
241720,2002,673,187,860,748,0,0,0,0,860,748
241739,2002,5229,1326,6555,5750,620,502,1122,812,7677,6562
241766,2002,203,63,266,228,0,0,0,0,266,228
241793,2002,,,0,0,52,243,295,140,295,140
241836,2002,756,,756,756,0,0,0,0,756,756
241906,2002,434,,434,434,0,0,0,0,434,434
241951,2002,262,199,461,342,0,0,0,0,461,342
242042,2002,585,130,715,629,0,0,0,0,715,629
242112,2002,1377,327,1704,1507,0,0,0,0,1704,1507
242121,2002,311,98,409,350,0,0,0,0,409,350
242130,2002,349,80,429,381,0,0,0,0,429,381
242149,2002,562,70,632,590,0,0,0,0,632,590
242316,2002,361,,361,361,0,0,0,0,361,361
242413,2002,74,,74,74,0,0,0,0,74,74
242422,2002,17695,2500,20195,18688,0,0,0,0,20195,18688
242556,2002,572,51,623,589,0,0,0,0,623,589
242565,2002,523,119,642,563,0,0,0,0,642,563
242583,2002,605,168,773,661,0,0,0,0,773,661
242617,2002,3855,1231,5086,4339,244,701,945,512,6031,4851
242626,2002,3043,1080,4123,3467,0,0,0,0,4123,3467
242635,2002,2951,1353,4304,3483,44,151,195,102,4499,3585
242644,2002,1480,608,2088,1719,0,0,0,0,2088,1719
242653,2002,4654,2605,7259,5677,638,2628,3266,1642,10525,7319
242662,2002,3143,1923,5066,3898,0,0,0,0,5066,3898
242680,2002,1710,505,2215,1908,0,0,0,0,2215,1908
242699,2002,1647,587,2234,1878,1,16,17,7,2251,1885
242705,2002,4241,1307,5548,4754,0,0,0,0,5548,4754
242723,2002,,,0,0,277,472,749,534,749,534
242741,2002,250,19,269,258,0,0,0,0,269,258
242750,2002,190,,190,190,0,0,0,0,190,190
242820,2002,1699,,1699,1699,0,0,0,0,1699,1699
242884,2002,1125,,1125,1125,0,0,0,0,1125,1125
242945,2002,141,75,216,171,0,0,0,0,216,171
242954,2002,47,19,66,55,0,0,0,0,66,55
242972,2002,1870,506,2376,2069,0,0,0,0,2376,2069
242981,2002,1244,238,1482,1337,0,0,0,0,1482,1337
243072,2002,911,172,1083,979,0,0,0,0,1083,979
243081,2002,,,0,0,410,2,412,411,412,411
243090,2002,24,,24,24,0,0,0,0,24,24
243106,2002,2710,655,3365,2974,0,0,0,0,3365,2974
243115,2002,3813,788,4601,4131,0,0,0,0,4601,4131
243133,2002,4256,1244,5500,4758,0,0,0,0,5500,4758
243142,2002,4307,1241,5548,4808,0,0,0,0,5548,4808
243151,2002,3677,451,4128,3859,0,0,0,0,4128,3859
243179,2002,3564,943,4507,3945,0,0,0,0,4507,3945
243188,2002,1581,226,1807,1672,0,0,0,0,1807,1672
243197,2002,10084,1081,11165,10520,825,146,971,878,12136,11398
243203,2002,590,87,677,625,1611,172,1783,1673,2460,2298
243212,2002,3082,755,3837,3387,0,0,0,0,3837,3387
243221,2002,14564,3182,17746,15848,2409,1511,3920,2984,21666,18832
243346,2002,6825,2008,8833,7614,41,23,64,50,8897,7664
243382,2002,462,96,558,500,0,0,0,0,558,500
243407,2002,23,,23,23,0,0,0,0,23,23
243416,2002,670,,670,670,0,0,0,0,670,670
243443,2002,3420,1211,4631,3896,27,571,598,245,5229,4141
243498,2002,,,0,0,19,111,130,75,130,75
243559,2002,125,,125,125,0,0,0,0,125,125
243568,2002,82,,82,82,276,6,282,279,364,361
243577,2002,2601,2362,4963,3529,312,236,548,402,5511,3931
243586,2002,1373,203,1576,1453,22,141,163,76,1739,1529
243601,2002,7817,1423,9240,8376,740,673,1413,997,10653,9373
243638,2002,1023,233,1256,1101,0,0,0,0,1256,1101
243647,2002,470,198,668,536,0,0,0,0,668,536
243665,2002,750,554,1304,974,21,151,172,76,1476,1050
243674,2002,447,504,951,650,11,97,108,46,1059,696
243744,2002,6547,813,7360,6866,6089,4848,10937,7960,18297,14826
243762,2002,,,0,0,465,4,469,467,469,467
243780,2002,29565,2895,32460,30733,5459,2198,7657,6258,40117,36991
243799,2002,58,,58,58,0,0,0,0,58,58
243805,2002,118,25,143,128,21,2,23,22,166,150
243823,2002,,,0,0,680,17,697,689,697,689
243832,2002,694,127,821,744,62,26,88,72,909,816
243841,2002,432,35,467,446,0,0,0,0,467,446
243902,2002,34,,34,34,0,0,0,0,34,34
244011,2002,705,52,757,725,0,0,0,0,757,725
244154,2002,375,57,432,397,0,0,0,0,432,397
244190,2002,43,186,229,116,695,451,1146,932,1375,1048
244233,2002,612,,612,612,0,0,0,0,612,612
244279,2002,9,31,40,21,0,0,0,0,40,21
244437,2002,8002,9571,17573,11215,0,0,0,0,17573,11215
244446,2002,1820,2739,4559,2740,0,0,0,0,4559,2740
244464,2002,11,12,23,16,10,19,29,18,52,34
244491,2002,64,,64,64,0,0,0,0,64,64
244561,2002,,583,583,231,0,0,0,0,583,231
244613,2002,112,160,272,176,0,0,0,0,272,176
245032,2002,35,18,53,42,0,0,0,0,53,42
245069,2002,55,,55,55,0,0,0,0,55,55
245245,2002,490,1745,2235,1176,0,0,0,0,2235,1176
245281,2002,50,,50,50,0,0,0,0,50,50
245290,2002,42,13,55,47,0,0,0,0,55,47
245342,2002,460,,460,460,0,0,0,0,460,460
245625,2002,399,730,1129,644,0,0,0,0,1129,644
245652,2002,441,3,444,442,93,7,100,96,544,538
245731,2002,19,,19,19,22,0,22,22,41,41
245777,2002,33,,33,33,26,0,26,26,59,59
245838,2002,81,97,178,119,287,141,428,341,606,460
245847,2002,80,54,134,101,134,49,183,153,317,254
245865,2002,,,0,0,674,240,914,766,914,766
245883,2002,91,99,190,130,316,264,580,417,770,547
245892,2002,70,93,163,107,277,263,540,377,703,484
245953,2002,545,135,680,598,0,0,0,0,680,598
245962,2002,390,,390,390,0,0,0,0,390,390
245980,2002,15,,15,15,0,0,0,0,15,15
245999,2002,383,1166,1549,846,0,0,0,0,1549,846
246008,2002,186,,186,186,0,0,0,0,186,186
246017,2002,123,193,316,200,0,0,0,0,316,200
246035,2002,752,,752,752,0,0,0,0,752,752
246071,2002,69,,69,69,0,0,0,0,69,69
246202,2002,72,44,116,89,0,0,0,0,116,89
246266,2002,920,,920,920,0,0,0,0,920,920
246354,2002,2786,3755,6541,4047,0,0,0,0,6541,4047
246406,2002,28,,28,28,0,0,0,0,28,28
246415,2002,26,74,100,55,0,0,0,0,100,55
246460,2002,100,,100,100,0,0,0,0,100,100
246594,2002,37,,37,37,0,0,0,0,37,37
246600,2002,124,12,136,129,0,0,0,0,136,129
246789,2002,,,0,0,132,36,168,146,168,146
246813,2002,1351,1592,2943,1885,0,0,0,0,2943,1885
246895,2002,2473,,2473,2473,0,0,0,0,2473,2473
246974,2002,497,,497,497,0,0,0,0,497,497
247010,2002,54,,54,54,0,0,0,0,54,54
247047,2002,66,3,69,67,0,0,0,0,69,67
247065,2002,259,43,302,276,0,0,0,0,302,276
247153,2002,55,51,106,75,0,0,0,0,106,75
247162,2002,,,0,0,46,71,117,85,117,85
247232,2002,22,60,82,46,0,0,0,0,82,46
247409,2002,71,,71,71,0,0,0,0,71,71
247603,2002,1189,1583,2772,1720,0,0,0,0,2772,1720
247649,2002,252,122,374,300,0,0,0,0,374,300
247700,2002,130,206,336,211,0,0,0,0,336,211
247764,2002,,,0,0,0,1112,1112,425,1112,425
247773,2002,39,,39,39,2,1,3,2,42,41
247825,2002,14,27,41,25,15,22,37,23,78,48
247834,2002,6307,9663,15970,9551,0,0,0,0,15970,9551
247870,2002,221,136,357,275,0,0,0,0,357,275
247922,2002,,,0,0,6,0,6,6,6,6
247940,2002,1378,1403,2781,1849,0,0,0,0,2781,1849
248031,2002,70,,70,70,0,0,0,0,70,70
248165,2002,20,2,22,21,0,0,0,0,22,21
248192,2002,18,,18,18,0,0,0,0,18,18
248305,2002,66,54,120,87,0,0,0,0,120,87
248314,2002,15,2,17,16,0,0,0,0,17,16
248527,2002,45,,45,45,0,0,0,0,45,45
248606,2002,296,117,413,342,0,0,0,0,413,342
248624,2002,118,,118,118,0,0,0,0,118,118
248633,2002,61,,61,61,0,0,0,0,61,61
248660,2002,46,,46,46,0,0,0,0,46,46
248703,2002,132,,132,132,0,0,0,0,132,132
248776,2002,475,1135,1610,856,0,0,0,0,1610,856
248794,2002,596,371,967,721,0,0,0,0,967,721
248846,2002,225,60,285,249,0,0,0,0,285,249
248882,2002,146,117,263,192,0,0,0,0,263,192
248925,2002,547,448,995,725,0,0,0,0,995,725
248934,2002,2942,355,3297,3083,0,0,0,0,3297,3083
248943,2002,1218,,1218,1218,0,0,0,0,1218,1218
248970,2002,227,193,420,304,0,0,0,0,420,304
249061,2002,52,5,57,54,0,0,0,0,57,54
249140,2002,173,231,404,265,0,0,0,0,404,265
249238,2002,59,,59,59,0,0,0,0,59,59
249247,2002,656,,656,656,0,0,0,0,656,656
249566,2002,455,,455,455,0,0,0,0,455,455
249609,2002,188,,188,188,0,0,0,0,188,188
249636,2002,47,17,64,54,0,0,0,0,64,54
249779,2002,86,65,151,112,0,0,0,0,151,112
250027,2002,271,8,279,274,0,0,0,0,279,274
250072,2002,39,18,57,46,0,0,0,0,57,46
250285,2002,122,,122,122,0,0,0,0,122,122
250407,2002,211,182,393,283,0,0,0,0,393,283
250498,2002,155,,155,155,0,0,0,0,155,155
250504,2002,18,38,56,33,0,0,0,0,56,33
250744,2002,144,73,217,173,0,0,0,0,217,173
250832,2002,18,,18,18,0,0,0,0,18,18
250902,2002,74,38,112,89,0,0,0,0,112,89
250920,2002,569,,569,569,0,0,0,0,569,569
250993,2002,43,26,69,53,0,0,0,0,69,53
251075,2002,360,,360,360,0,0,0,0,360,360
251251,2002,320,47,367,338,0,0,0,0,367,338
251260,2002,2887,1794,4681,3489,0,0,0,0,4681,3489
251312,2002,254,58,312,277,0,0,0,0,312,277
260293,2002,708,482,1190,897,3,44,47,20,1237,917
260336,2002,1,4,5,3,0,0,0,0,5,3
260354,2002,176,2,178,177,0,0,0,0,178,177
260363,2002,20,,20,20,0,0,0,0,20,20
260372,2002,346,204,550,414,0,0,0,0,550,414
260585,2002,45,4,49,47,0,0,0,0,49,47
260691,2002,446,,446,446,0,0,0,0,446,446
260789,2002,197,,197,197,0,0,0,0,197,197
260804,2002,222,,222,222,0,0,0,0,222,222
260813,2002,127,,127,127,0,0,0,0,127,127
260901,2002,1577,1757,3334,2267,0,0,0,0,3334,2267
260910,2002,544,12,556,549,0,0,0,0,556,549
260929,2002,153,,153,153,0,0,0,0,153,153
260947,2002,60,18,78,67,0,0,0,0,78,67
260956,2002,,,0,0,43,14,57,48,57,48
260965,2002,99,,99,99,0,0,0,0,99,99
260974,2002,467,40,507,483,0,0,0,0,507,483
260992,2002,389,456,845,570,0,0,0,0,845,570
261375,2002,112,151,263,163,0,0,0,0,263,163
261384,2002,495,,495,495,0,0,0,0,495,495
261393,2002,8,52,60,29,0,0,0,0,60,29
261436,2002,148,,148,148,0,0,0,0,148,148
261472,2002,617,54,671,638,0,0,0,0,671,638
261676,2002,67,,67,67,0,0,0,0,67,67
261685,2002,52,,52,52,0,0,0,0,52,52
261719,2002,29,42,71,46,0,0,0,0,71,46
261773,2002,39,5,44,41,0,0,0,0,44,41
261861,2002,189,,189,189,0,0,0,0,189,189
261931,2002,331,,331,331,0,0,0,0,331,331
262013,2002,662,202,864,741,25,54,79,46,943,787
262022,2002,,,0,0,57,141,198,119,198,119
262031,2002,2834,3778,6612,4102,0,0,0,0,6612,4102
262086,2002,1086,1790,2876,1789,2109,3458,5567,3430,8443,5219
262129,2002,648,,648,648,0,0,0,0,648,648
262138,2002,,,0,0,96,100,196,151,196,151
262156,2002,88,418,506,254,0,0,0,0,506,254
262235,2002,37,,37,37,0,0,0,0,37,37
262299,2002,58,,58,58,0,0,0,0,58,58
262305,2002,205,,205,205,0,0,0,0,205,205
262332,2002,1004,,1004,1004,0,0,0,0,1004,1004
262341,2002,308,,308,308,0,0,0,0,308,308
262369,2002,80,,80,80,0,0,0,0,80,80
262402,2002,766,,766,766,0,0,0,0,766,766
262457,2002,734,,734,734,0,0,0,0,734,734
262509,2002,534,,534,534,0,0,0,0,534,534
262660,2002,67,20,87,75,0,0,0,0,87,75
362700,2002,58,33,91,71,0,0,0,0,91,71
362782,2002,31,47,78,50,0,0,0,0,78,50
363013,2002,81,,81,81,0,0,0,0,81,81
363077,2002,55,50,105,75,0,0,0,0,105,75
363147,2002,13,20,33,21,0,0,0,0,33,21
363165,2002,489,70,559,513,0,0,0,0,559,513
363217,2002,17,,17,17,0,0,0,0,17,17
363378,2002,25,56,81,47,0,0,0,0,81,47
363387,2002,635,88,723,670,0,0,0,0,723,670
363439,2002,172,196,368,250,0,0,0,0,368,250
363457,2002,61,43,104,78,0,0,0,0,104,78
363527,2002,183,28,211,194,0,0,0,0,211,194
363590,2002,278,,278,278,0,0,0,0,278,278
363606,2002,199,,199,199,0,0,0,0,199,199
363633,2002,382,1264,1646,806,0,0,0,0,1646,806
363679,2002,34,20,54,42,0,0,0,0,54,42
363712,2002,58,2,60,59,4,0,4,4,64,63
363721,2002,,,0,0,135,0,135,135,135,135
363882,2002,6,27,33,17,0,0,0,0,33,17
363907,2002,405,196,601,482,155,153,308,213,909,695
363916,2002,313,204,517,393,124,87,211,157,728,550
363934,2002,744,6,750,746,15,1,16,15,766,761
364016,2002,1860,5849,7709,3824,0,0,0,0,7709,3824
364025,2002,1906,5607,7513,3788,0,0,0,0,7513,3788
364122,2002,4,,4,4,0,0,0,0,4,4
364131,2002,,,0,0,3,0,3,3,3,3
364168,2002,283,1,284,283,0,0,0,0,284,283
364308,2002,241,,241,241,0,0,0,0,241,241
364317,2002,229,,229,229,0,0,0,0,229,229
364326,2002,168,86,254,202,0,0,0,0,254,202
364335,2002,207,178,385,278,0,0,0,0,385,278
364548,2002,196,34,230,207,0,0,0,0,230,207
364566,2002,85,36,121,99,0,0,0,0,121,99
364575,2002,40,,40,40,0,0,0,0,40,40
364609,2002,25,22,47,34,0,0,0,0,47,34
364618,2002,39,,39,39,0,0,0,0,39,39
364627,2002,121,32,153,134,0,0,0,0,153,134
364636,2002,57,,57,57,0,0,0,0,57,57
364751,2002,277,,277,277,0,0,0,0,277,277
364760,2002,9,48,57,28,0,0,0,0,57,28
364812,2002,,145,145,58,0,0,0,0,145,58
364821,2002,,23,23,9,0,0,0,0,23,9
364876,2002,21,,21,21,0,0,0,0,21,21
364885,2002,373,,373,373,0,0,0,0,373,373
364946,2002,49,322,371,157,0,0,0,0,371,157
364955,2002,990,,990,990,0,0,0,0,990,990
364964,2002,73,,73,73,0,0,0,0,73,73
364973,2002,275,,275,275,0,0,0,0,275,275
365055,2002,964,328,1292,1094,0,0,0,0,1292,1094
365073,2002,89,,89,89,0,0,0,0,89,89
365091,2002,340,,340,340,0,0,0,0,340,340
365125,2002,161,,161,161,0,0,0,0,161,161
365198,2002,53,90,143,89,0,0,0,0,143,89
365204,2002,273,,273,273,0,0,0,0,273,273
365213,2002,145,144,289,193,0,0,0,0,289,193
365240,2002,49,,49,49,0,0,0,0,49,49
365277,2002,25,6,31,27,0,0,0,0,31,27
365310,2002,267,,267,267,0,0,0,0,267,267
365329,2002,547,,547,547,0,0,0,0,547,547
365374,2002,250,169,419,317,0,0,0,0,419,317
365383,2002,129,,129,129,0,0,0,0,129,129
365392,2002,18,2,20,19,0,0,0,0,20,19
365426,2002,,,0,0,191,84,275,223,275,223
365453,2002,14,,14,14,0,0,0,0,14,14
365480,2002,139,449,588,290,0,0,0,0,588,290
365505,2002,34,,34,34,0,0,0,0,34,34
365569,2002,26,,26,26,0,0,0,0,26,26
365639,2002,42,67,109,69,0,0,0,0,109,69
365693,2002,80,13,93,85,0,0,0,0,93,85
365824,2002,57,,57,57,0,0,0,0,57,57
365833,2002,55,,55,55,0,0,0,0,55,55
365912,2002,226,,226,226,0,0,0,0,226,226
365930,2002,60,13,73,65,0,0,0,0,73,65
366155,2002,36,,36,36,0,0,0,0,36,36
366191,2002,1587,,1587,1587,0,0,0,0,1587,1587
366252,2002,4882,1081,5963,5318,0,0,0,0,5963,5318
366261,2002,121,13,134,126,0,0,0,0,134,126
366270,2002,307,,307,307,0,0,0,0,307,307
366289,2002,214,,214,214,0,0,0,0,214,214
366340,2002,52,31,83,62,0,0,0,0,83,62
366368,2002,,,0,0,122,15,137,128,137,128
366395,2002,10860,9420,20280,14023,0,0,0,0,20280,14023
366401,2002,1952,6100,8052,4000,0,0,0,0,8052,4000
366438,2002,16,23,39,25,0,0,0,0,39,25
366447,2002,612,680,1292,840,0,0,0,0,1292,840
366456,2002,739,965,1704,1063,0,0,0,0,1704,1063
366465,2002,1072,1121,2193,1448,0,0,0,0,2193,1448
366535,2002,454,,454,454,0,0,0,0,454,454
366544,2002,274,223,497,363,0,0,0,0,497,363
366553,2002,1066,202,1268,1146,0,0,0,0,1268,1146
366571,2002,20,,20,20,0,0,0,0,20,20
366580,2002,264,35,299,278,0,0,0,0,299,278
366605,2002,,,0,0,72,1,73,72,73,72
366614,2002,92,29,121,104,0,0,0,0,121,104
366623,2002,15,19,34,23,0,0,0,0,34,23
366632,2002,40,15,55,46,0,0,0,0,55,46
366650,2002,445,54,499,466,0,0,0,0,499,466
366678,2002,631,62,693,656,0,0,0,0,693,656
366696,2002,562,35,597,576,0,0,0,0,597,576
366711,2002,4187,2028,6215,5005,702,761,1463,977,7678,5982
366748,2002,4,1,5,4,207,81,288,238,293,242
366784,2002,,2,2,1,31,84,115,66,117,67
366793,2002,,,0,0,183,11,194,189,194,189
366906,2002,253,,253,253,0,0,0,0,253,253
366960,2002,289,,289,289,0,0,0,0,289,289
367024,2002,446,3,449,447,0,0,0,0,449,447
367051,2002,71,47,118,90,0,0,0,0,118,90
367088,2002,27,4,31,29,0,0,0,0,31,29
367097,2002,76,,76,76,0,0,0,0,76,76
367103,2002,110,1,111,110,0,0,0,0,111,110
367112,2002,315,49,364,334,0,0,0,0,364,334
367130,2002,111,48,159,130,0,0,0,0,159,130
367158,2002,43,,43,43,0,0,0,0,43,43
367176,2002,58,76,134,88,0,0,0,0,134,88
367194,2002,301,45,346,319,0,0,0,0,346,319
367316,2002,378,,378,378,0,0,0,0,378,378
367334,2002,41,9,50,45,0,0,0,0,50,45
367343,2002,282,,282,282,0,0,0,0,282,282
367361,2002,131,,131,131,0,0,0,0,131,131
367389,2002,168,54,222,189,0,0,0,0,222,189
367398,2002,106,66,172,132,0,0,0,0,172,132
367413,2002,1589,,1589,1589,0,0,0,0,1589,1589
367431,2002,26,1,27,26,0,0,0,0,27,26
367459,2002,1485,3246,4731,2575,0,0,0,0,4731,2575
367608,2002,61,,61,61,0,0,0,0,61,61
367662,2002,14,51,65,34,0,0,0,0,65,34
367723,2002,3,,3,3,0,0,0,0,3,3
367778,2002,78,,78,78,0,0,0,0,78,78
367839,2002,13,1,14,13,0,0,0,0,14,13
367875,2002,140,,140,140,0,0,0,0,140,140
367884,2002,381,145,526,438,14,70,84,41,610,479
367893,2002,5,15,20,11,7,32,39,19,59,30
367909,2002,561,290,851,675,1,29,30,12,881,687
367936,2002,15,6,21,17,575,115,690,619,711,636
367972,2002,142,,142,142,0,0,0,0,142,142
367981,2002,25,116,141,71,0,0,0,0,141,71
367990,2002,,71,71,28,0,0,0,0,71,28
368036,2002,100,,100,100,0,0,0,0,100,100
368160,2002,59,12,71,63,0,0,0,0,71,63
368188,2002,103,,103,103,0,0,0,0,103,103
368203,2002,58,,58,58,0,0,0,0,58,58
368230,2002,99,125,224,149,0,0,0,0,224,149
368276,2002,,,0,0,20,0,20,20,20,20
368364,2002,68,27,95,79,0,0,0,0,95,79
368407,2002,39,,39,39,0,0,0,0,39,39
368443,2002,244,166,410,310,0,0,0,0,410,310
368452,2002,207,,207,207,0,0,0,0,207,207
368540,2002,36,,36,36,0,0,0,0,36,36
368601,2002,386,58,444,409,0,0,0,0,444,409
368629,2002,288,,288,288,0,0,0,0,288,288
368771,2002,262,,262,262,0,0,0,0,262,262
368780,2002,273,,273,273,0,0,0,0,273,273
368799,2002,333,77,410,364,0,0,0,0,410,364
368805,2002,520,,520,520,0,0,0,0,520,520
368832,2002,18,68,86,45,0,0,0,0,86,45
368911,2002,625,715,1340,865,0,0,0,0,1340,865
368993,2002,58,28,86,69,0,0,0,0,86,69
369002,2002,,,0,0,161,367,528,361,528,361
369020,2002,22,,22,22,0,0,0,0,22,22
369084,2002,637,38,675,652,0,0,0,0,675,652
369109,2002,80,,80,80,0,0,0,0,80,80
369172,2002,961,1671,2632,1522,0,0,0,0,2632,1522
369181,2002,347,635,982,560,0,0,0,0,982,560
369242,2002,23,,23,23,0,0,0,0,23,23
369400,2002,1409,,1409,1409,0,0,0,0,1409,1409
369419,2002,909,7,916,911,0,0,0,0,916,911
369446,2002,96,22,118,105,0,0,0,0,118,105
369455,2002,104,,104,104,0,0,0,0,104,104
369516,2002,144,,144,144,0,0,0,0,144,144
369622,2002,25,30,55,37,0,0,0,0,55,37
369659,2002,,,0,0,183,25,208,193,208,193
369668,2002,28,11,39,32,0,0,0,0,39,32
369686,2002,209,,209,209,0,0,0,0,209,209
369695,2002,138,,138,138,0,0,0,0,138,138
369783,2002,491,,491,491,0,0,0,0,491,491
369792,2002,29,,29,29,0,0,0,0,29,29
369817,2002,,,0,0,0,7,7,4,7,4
369853,2002,30,23,53,39,0,0,0,0,53,39
369862,2002,48,53,101,69,0,0,0,0,101,69
369905,2002,94,85,179,128,0,0,0,0,179,128
369950,2002,54,,54,54,0,0,0,0,54,54
371034,2002,15,,15,15,0,0,0,0,15,15
371052,2002,796,,796,796,0,0,0,0,796,796
371140,2002,31,,31,31,0,0,0,0,31,31
371186,2002,89,,89,89,0,0,0,0,89,89
371265,2002,568,,568,568,0,0,0,0,568,568
371760,2002,520,80,600,552,0,0,0,0,600,552
371779,2002,1068,174,1242,1137,0,0,0,0,1242,1137
371830,2002,65,,65,65,0,0,0,0,65,65
371928,2002,62,,62,62,0,0,0,0,62,62
371964,2002,169,,169,169,0,0,0,0,169,169
371982,2002,1184,,1184,1184,0,0,0,0,1184,1184
372028,2002,143,,143,143,0,0,0,0,143,143
372037,2002,552,,552,552,0,0,0,0,552,552
372073,2002,268,,268,268,0,0,0,0,268,268
372082,2002,9461,,9461,9461,0,0,0,0,9461,9461
372143,2002,73,26,99,83,0,0,0,0,99,83
372161,2002,195,,195,195,0,0,0,0,195,195
372213,2002,30686,,30686,30686,17399,0,17399,17399,48085,48085
372222,2002,3202,,3202,3202,1042,0,1042,1042,4244,4244
372240,2002,40,,40,40,0,0,0,0,40,40
372329,2002,220,90,310,256,0,0,0,0,310,256
372356,2002,89,,89,89,0,0,0,0,89,89
372462,2002,13,26,39,23,0,0,0,0,39,23
372480,2002,129,,129,129,0,0,0,0,129,129
372505,2002,37,75,112,67,0,0,0,0,112,67
372578,2002,384,66,450,410,0,0,0,0,450,410
372718,2002,26,7,33,29,0,0,0,0,33,29
372772,2002,206,,206,206,0,0,0,0,206,206
372833,2002,34,8,42,37,0,0,0,0,42,37
372921,2002,404,,404,404,0,0,0,0,404,404
372958,2002,403,,403,403,0,0,0,0,403,403
372985,2002,25,25,50,35,0,0,0,0,50,35
373058,2002,185,,185,185,0,0,0,0,185,185
373085,2002,180,,180,180,0,0,0,0,180,180
373119,2002,100,131,231,152,0,0,0,0,231,152
373216,2002,172,,172,172,0,0,0,0,172,172
373261,2002,10,,10,10,0,0,0,0,10,10
373340,2002,99,72,171,128,0,0,0,0,171,128
373447,2002,27,,27,27,0,0,0,0,27,27
373535,2002,105,10,115,109,0,0,0,0,115,109
373605,2002,43,25,68,53,0,0,0,0,68,53
373669,2002,,1,1,0,0,0,0,0,1,0
373678,2002,84,30,114,96,0,0,0,0,114,96
373696,2002,167,,167,167,0,0,0,0,167,167
373711,2002,33,,33,33,0,0,0,0,33,33
373784,2002,216,,216,216,0,0,0,0,216,216
373827,2002,92,5,97,94,0,0,0,0,97,94
373890,2002,252,,252,252,0,0,0,0,252,252
373906,2002,66,6,72,68,0,0,0,0,72,68
373951,2002,27,,27,27,0,0,0,0,27,27
374024,2002,,,0,0,0,182,182,70,182,70
374060,2002,10,2,12,11,0,0,0,0,12,11
374112,2002,5,7,12,8,0,0,0,0,12,8
374291,2002,65,,65,65,0,0,0,0,65,65
374316,2002,57,40,97,73,0,0,0,0,97,73
374440,2002,37,,37,37,0,0,0,0,37,37
374495,2002,49,,49,49,0,0,0,0,49,49
374574,2002,350,,350,350,0,0,0,0,350,350
374592,2002,347,,347,347,0,0,0,0,347,347
374680,2002,276,118,394,323,0,0,0,0,394,323
374699,2002,155,55,210,177,0,0,0,0,210,177
374875,2002,597,,597,597,0,0,0,0,597,597
374927,2002,44,39,83,59,0,0,0,0,83,59
374972,2002,286,92,378,323,0,0,0,0,378,323
374990,2002,23,42,65,40,0,0,0,0,65,40
375009,2002,63,,63,63,0,0,0,0,63,63
375106,2002,15,2,17,16,0,0,0,0,17,16
375230,2002,139,,139,139,0,0,0,0,139,139
375300,2002,178,,178,178,0,0,0,0,178,178
375319,2002,75,,75,75,0,0,0,0,75,75
375373,2002,96,,96,96,0,0,0,0,96,96
375407,2002,37,,37,37,0,0,0,0,37,37
375416,2002,528,,528,528,0,0,0,0,528,528
375470,2002,4,,4,4,0,0,0,0,4,4
375489,2002,323,1,324,323,0,0,0,0,324,323
375540,2002,19,26,45,29,0,0,0,0,45,29
375559,2002,46,64,110,71,0,0,0,0,110,71
375568,2002,19,,19,19,0,0,0,0,19,19
375647,2002,75,14,89,81,0,0,0,0,89,81
375656,2002,23,34,57,36,0,0,0,0,57,36
375683,2002,183,72,255,212,0,0,0,0,255,212
375692,2002,29,183,212,102,0,0,0,0,212,102
375708,2002,97,13,110,101,0,0,0,0,110,101
375717,2002,144,6,150,146,0,0,0,0,150,146
375726,2002,96,75,171,126,0,0,0,0,171,126
375735,2002,44,129,173,87,0,0,0,0,173,87
375744,2002,66,118,184,106,0,0,0,0,184,106
375753,2002,15,35,50,27,0,0,0,0,50,27
375762,2002,38,15,53,44,0,0,0,0,53,44
375841,2002,906,,906,906,0,0,0,0,906,906
375878,2002,137,12,149,142,0,0,0,0,149,142
375902,2002,10,,10,10,0,0,0,0,10,10
375939,2002,175,32,207,188,0,0,0,0,207,188
375948,2002,1315,,1315,1315,0,0,0,0,1315,1315
375966,2002,40,42,82,57,0,0,0,0,82,57
375984,2002,226,190,416,301,0,0,0,0,416,301
376039,2002,99,1,100,99,0,0,0,0,100,99
376109,2002,102,37,139,117,0,0,0,0,139,117
376118,2002,207,356,563,348,0,0,0,0,563,348
376127,2002,145,55,200,167,0,0,0,0,200,167
376136,2002,314,15,329,320,0,0,0,0,329,320
376224,2002,361,,361,361,0,0,0,0,361,361
376242,2002,351,,351,351,0,0,0,0,351,351
376288,2002,46,,46,46,0,0,0,0,46,46
376321,2002,339,28,367,350,0,0,0,0,367,350
376330,2002,279,,279,279,0,0,0,0,279,279
376349,2002,52,,52,52,0,0,0,0,52,52
376385,2002,1766,34,1800,1779,0,0,0,0,1800,1779
376446,2002,93,36,129,107,0,0,0,0,129,107
376631,2002,20,8,28,23,0,0,0,0,28,23
376668,2002,99,,99,99,0,0,0,0,99,99
376677,2002,164,,164,164,0,0,0,0,164,164
376695,2002,216,8,224,219,0,0,0,0,224,219
376950,2002,99,,99,99,0,0,0,0,99,99
376987,2002,71,,71,71,0,0,0,0,71,71
377069,2002,722,44,766,739,0,0,0,0,766,739
377111,2002,536,,536,536,0,0,0,0,536,536
377193,2002,17,36,53,31,0,0,0,0,53,31
377218,2002,84,,84,84,0,0,0,0,84,84
377236,2002,54,,54,54,0,0,0,0,54,54
377272,2002,18,,18,18,0,0,0,0,18,18
377281,2002,50,,50,50,0,0,0,0,50,50
377315,2002,101,,101,101,0,0,0,0,101,101
377342,2002,2,88,90,37,0,0,0,0,90,37
377403,2002,34,,34,34,0,0,0,0,34,34
377421,2002,30,32,62,43,0,0,0,0,62,43
377449,2002,308,,308,308,0,0,0,0,308,308
377458,2002,402,,402,402,0,0,0,0,402,402
377485,2002,8,6,14,10,0,0,0,0,14,10
377519,2002,141,,141,141,0,0,0,0,141,141
377546,2002,117,,117,117,0,0,0,0,117,117
377555,2002,807,587,1394,1044,134,108,242,173,1636,1217
377564,2002,1156,562,1718,1383,114,279,393,215,2111,1598
377634,2002,12,,12,12,0,0,0,0,12,12
377643,2002,130,,130,130,0,0,0,0,130,130
377652,2002,62,,62,62,0,0,0,0,62,62
377661,2002,48,,48,48,0,0,0,0,48,48
377670,2002,37,,37,37,0,0,0,0,37,37
377722,2002,213,,213,213,0,0,0,0,213,213
377759,2002,71,,71,71,0,0,0,0,71,71
378105,2002,180,27,207,191,0,0,0,0,207,191
378406,2002,636,39,675,651,0,0,0,0,675,651
378576,2002,,,0,0,269,133,402,320,402,320
378956,2002,324,,324,324,0,0,0,0,324,324
379029,2002,328,,328,328,0,0,0,0,328,328
379074,2002,23,,23,23,0,0,0,0,23,23
379135,2002,66,37,103,81,0,0,0,0,103,81
379463,2002,99,,99,99,0,0,0,0,99,99
379621,2002,81,490,571,276,0,0,0,0,571,276
379685,2002,190,131,321,242,0,0,0,0,321,242
379746,2002,40,,40,40,0,0,0,0,40,40
379782,2002,151,,151,151,45,0,45,45,196,196
380067,2002,251,,251,251,0,0,0,0,251,251
380094,2002,329,,329,329,0,0,0,0,329,329
380137,2002,77,111,188,121,0,0,0,0,188,121
380298,2002,177,,177,177,0,0,0,0,177,177
380359,2002,191,239,430,271,0,0,0,0,430,271
380368,2002,564,751,1315,816,0,0,0,0,1315,816
380377,2002,359,308,667,462,0,0,0,0,667,462
380401,2002,166,36,202,180,0,0,0,0,202,180
380410,2002,58,100,158,98,0,0,0,0,158,98
380438,2002,268,,268,268,0,0,0,0,268,268
380447,2002,146,,146,146,0,0,0,0,146,146
380456,2002,192,65,257,218,0,0,0,0,257,218
380465,2002,1938,,1938,1938,1190,0,1190,1190,3128,3128
380474,2002,261,261,522,365,0,0,0,0,522,365
380836,2002,136,,136,136,0,0,0,0,136,136
380845,2002,121,,121,121,0,0,0,0,121,121
380854,2002,166,,166,166,0,0,0,0,166,166
380863,2002,107,,107,107,0,0,0,0,107,107
380872,2002,178,,178,178,0,0,0,0,178,178
381237,2002,73,,73,73,0,0,0,0,73,73
381255,2002,36,,36,36,0,0,0,0,36,36
381282,2002,83,,83,83,0,0,0,0,83,83
381325,2002,58,,58,58,0,0,0,0,58,58
381334,2002,75,,75,75,0,0,0,0,75,75
381343,2002,34,,34,34,0,0,0,0,34,34
381370,2002,154,179,333,225,0,0,0,0,333,225
381404,2002,104,,104,104,0,0,0,0,104,104
381486,2002,25,,25,25,0,0,0,0,25,25
381501,2002,2,,2,2,0,0,0,0,2,2
381529,2002,315,46,361,333,0,0,0,0,361,333
381617,2002,770,592,1362,1003,0,0,0,0,1362,1003
381635,2002,64,25,89,74,0,0,0,0,89,74
381644,2002,285,,285,285,0,0,0,0,285,285
381699,2002,14,14,28,20,0,0,0,0,28,20
381705,2002,28,13,41,33,0,0,0,0,41,33
381732,2002,18,249,267,117,0,0,0,0,267,117
381741,2002,282,,282,282,0,0,0,0,282,282
381750,2002,46,,46,46,0,0,0,0,46,46
381787,2002,215,197,412,292,5,0,5,5,417,297
381796,2002,190,,190,190,0,0,0,0,190,190
381848,2002,70,121,191,118,0,0,0,0,191,118
381909,2002,792,37,829,807,0,0,0,0,829,807
381945,2002,213,,213,213,0,0,0,0,213,213
381990,2002,272,,272,272,0,0,0,0,272,272
382018,2002,121,,121,121,0,0,0,0,121,121
382027,2002,235,,235,235,0,0,0,0,235,235
382054,2002,579,,579,579,0,0,0,0,579,579
382063,2002,356,,356,356,1660,0,1660,1660,2016,2016
382106,2002,5,,5,5,0,0,0,0,5,5
382258,2002,263,483,746,455,0,0,0,0,746,455
382267,2002,167,8,175,170,0,0,0,0,175,170
382276,2002,35,16,51,41,0,0,0,0,51,41
382382,2002,183,,183,183,0,0,0,0,183,183
382416,2002,89,,89,89,0,0,0,0,89,89
382443,2002,1,,1,1,0,0,0,0,1,1
382461,2002,39,21,60,47,0,0,0,0,60,47
382504,2002,415,,415,415,0,0,0,0,415,415
382531,2002,300,,300,300,0,0,0,0,300,300
382708,2002,202,29,231,214,0,0,0,0,231,214
382771,2002,61,2,63,62,0,0,0,0,63,62
382780,2002,47,12,59,52,0,0,0,0,59,52
382896,2002,,,0,0,135,0,135,135,135,135
382902,2002,42,,42,42,0,0,0,0,42,42
382911,2002,119,16,135,124,0,0,0,0,135,124
382957,2002,50,44,94,67,0,0,0,0,94,67
382975,2002,122,57,179,145,0,0,0,0,179,145
383020,2002,,,0,0,61,36,97,75,97,75
383084,2002,1759,,1759,1759,0,0,0,0,1759,1759
383163,2002,37,286,323,151,0,0,0,0,323,151
383172,2002,97,,97,97,0,0,0,0,97,97
383190,2002,1096,1086,2182,1461,0,0,0,0,2182,1461
383251,2002,63,,63,63,0,0,0,0,63,63
383279,2002,24,53,77,45,0,0,0,0,77,45
383297,2002,39,118,157,86,0,0,0,0,157,86
383312,2002,84,,84,84,0,0,0,0,84,84
383330,2002,16,410,426,179,0,0,0,0,426,179
383367,2002,162,3,165,163,0,0,0,0,165,163
383376,2002,76,58,134,99,0,0,0,0,134,99
383400,2002,,20,20,8,0,0,0,0,20,8
383419,2002,105,,105,105,0,0,0,0,105,105
383464,2002,56,,56,56,0,0,0,0,56,56
383507,2002,36,,36,36,0,0,0,0,36,36
383525,2002,136,,136,136,0,0,0,0,136,136
383765,2002,155,74,229,184,0,0,0,0,229,184
383792,2002,320,,320,320,0,0,0,0,320,320
383880,2002,664,238,902,758,0,0,0,0,902,758
383899,2002,153,75,228,183,0,0,0,0,228,183
383950,2002,200,60,260,224,0,0,0,0,260,224
383996,2002,134,551,685,319,0,0,0,0,685,319
384184,2002,357,,357,357,0,0,0,0,357,357
384193,2002,351,,351,351,0,0,0,0,351,351
384209,2002,1159,,1159,1159,0,0,0,0,1159,1159
384306,2002,,,0,0,66,16,82,72,82,72
384333,2002,967,4472,5439,2468,0,0,0,0,5439,2468
384342,2002,1811,2755,4566,2736,0,0,0,0,4566,2736
384412,2002,353,,353,353,0,0,0,0,353,353
384421,2002,61,,61,61,0,0,0,0,61,61
385008,2002,584,,584,584,0,0,0,0,584,584
385132,2002,41,6,47,43,0,0,0,0,47,43
385503,2002,270,3,273,271,0,0,0,0,273,271
385549,2002,194,,194,194,0,0,0,0,194,194
385619,2002,217,15,232,223,0,0,0,0,232,223
385929,2002,116,,116,116,0,0,0,0,116,116
386153,2002,257,131,388,309,0,0,0,0,388,309
386339,2002,39,,39,39,0,0,0,0,39,39
386472,2002,119,64,183,144,0,0,0,0,183,144
387235,2002,14,,14,14,0,0,0,0,14,14
387660,2002,3,,3,3,0,0,0,0,3,3
387730,2002,17,,17,17,0,0,0,0,17,17
387819,2002,27,3,30,28,0,0,0,0,30,28
387925,2002,265,,265,265,0,0,0,0,265,265
388043,2002,74,102,176,114,0,0,0,0,176,114
388098,2002,23,,23,23,0,0,0,0,23,23
388511,2002,59,26,85,69,0,0,0,0,85,69
388520,2002,291,1142,1433,740,0,0,0,0,1433,740
388663,2002,96,51,147,116,0,0,0,0,147,116
388681,2002,,19,19,8,0,0,0,0,19,8
389620,2002,79,,79,79,0,0,0,0,79,79
389727,2002,223,100,323,263,0,0,0,0,323,263
389860,2002,155,76,231,185,0,0,0,0,231,185
390394,2002,129,47,176,148,0,0,0,0,176,148
390701,2002,1142,746,1888,1435,9,67,76,35,1964,1470
390905,2002,88,,88,88,0,0,0,0,88,88
391333,2002,80,,80,80,0,0,0,0,80,80
391564,2002,127,28,155,138,0,0,0,0,155,138
391582,2002,241,1,242,241,0,0,0,0,242,241
391616,2002,60,3,63,61,0,0,0,0,63,61
391759,2002,3,42,45,20,0,0,0,0,45,20
391810,2002,122,,122,122,0,0,0,0,122,122
392257,2002,404,,404,404,0,0,0,0,404,404
392415,2002,96,,96,96,0,0,0,0,96,96
392798,2002,63,,63,63,0,0,0,0,63,63
392840,2002,173,192,365,248,3,19,22,10,387,258
393180,2002,618,,618,618,0,0,0,0,618,618
393524,2002,137,,137,137,0,0,0,0,137,137
393861,2002,240,31,271,252,0,0,0,0,271,252
393977,2002,27,,27,27,0,0,0,0,27,27
394679,2002,58,100,158,98,0,0,0,0,158,98
394846,2002,65,,65,65,0,0,0,0,65,65
395283,2002,114,,114,114,0,0,0,0,114,114
395362,2002,598,1380,1978,1061,0,0,0,0,1978,1061
395733,2002,38,,38,38,0,0,0,0,38,38
396000,2002,29,,29,29,0,0,0,0,29,29
396152,2002,,79,79,31,0,0,0,0,79,31
396310,2002,25,16,41,31,0,0,0,0,41,31
397270,2002,15,5,20,17,0,0,0,0,20,17
397641,2002,305,,305,305,0,0,0,0,305,305
397942,2002,131,,131,131,0,0,0,0,131,131
398130,2002,707,209,916,789,0,0,0,0,916,789
398574,2002,569,,569,569,0,0,0,0,569,569
399212,2002,1805,8178,9983,4551,0,0,0,0,9983,4551
399869,2002,466,,466,466,0,0,0,0,466,466
400080,2002,486,,486,486,0,0,0,0,486,486
400637,2002,178,,178,178,0,0,0,0,178,178
401250,2002,,,0,0,114,12,126,119,126,119
401481,2002,,96,96,38,0,0,0,0,96,38
402493,2002,,885,885,348,879,261,1140,979,2025,1327
402563,2002,123,,123,123,0,0,0,0,123,123
402615,2002,357,462,819,538,80,19,99,87,918,625
402633,2002,58,190,248,133,0,0,0,0,248,133
402776,2002,185,42,227,201,0,0,0,0,227,201
402800,2002,188,53,241,209,0,0,0,0,241,209
402828,2002,,,0,0,294,181,475,392,475,392
403405,2002,84,,84,84,0,0,0,0,84,84
403414,2002,53,,53,53,0,0,0,0,53,53
403469,2002,223,1954,2177,879,0,0,0,0,2177,879
403478,2002,489,866,1355,780,0,0,0,0,1355,780
403487,2002,679,2811,3490,1623,0,0,0,0,3490,1623
404055,2002,276,,276,276,0,0,0,0,276,276
404073,2002,1301,1286,2587,1806,0,0,0,0,2587,1806
404082,2002,2296,1630,3926,2936,0,0,0,0,3926,2936
404222,2002,,,0,0,166,8,174,170,174,170
404329,2002,2,44,46,19,0,0,0,0,46,19
404338,2002,97,5,102,99,38,57,95,60,197,159
404365,2002,215,,215,215,0,0,0,0,215,215
404374,2002,174,,174,174,0,0,0,0,174,174
404383,2002,700,,700,700,0,0,0,0,700,700
404426,2002,649,2478,3127,1481,0,0,0,0,3127,1481
404499,2002,450,,450,450,0,0,0,0,450,450
404505,2002,344,,344,344,0,0,0,0,344,344
404514,2002,418,,418,418,0,0,0,0,418,418
404532,2002,,48,48,19,0,0,0,0,48,19
404648,2002,664,507,1171,863,0,0,0,0,1171,863
404657,2002,,,0,0,9,23,32,18,32,18
404666,2002,29,,29,29,0,0,0,0,29,29
404675,2002,16,,16,16,0,0,0,0,16,16
404684,2002,420,,420,420,0,0,0,0,420,420
404718,2002,51,24,75,61,0,0,0,0,75,61
404806,2002,186,114,300,231,0,0,0,0,300,231
404912,2002,445,,445,445,0,0,0,0,445,445
404921,2002,369,,369,369,0,0,0,0,369,369
404949,2002,,2966,2966,1165,0,3870,3870,1537,6836,2702
404994,2002,2618,38,2656,2633,0,0,0,0,2656,2633
405003,2002,32,,32,32,0,0,0,0,32,32
405012,2002,87,,87,87,0,0,0,0,87,87
405021,2002,83,,83,83,0,0,0,0,83,83
405058,2002,128,,128,128,0,0,0,0,128,128
405076,2002,306,,306,306,0,0,0,0,306,306
405173,2002,87,15,102,93,0,0,0,0,102,93
405562,2002,1211,,1211,1211,0,0,0,0,1211,1211
405748,2002,49,18,67,55,0,0,0,0,67,55
405784,2002,,,0,0,6,0,6,6,6,6
405854,2002,157,,157,157,0,0,0,0,157,157
405872,2002,1234,1531,2765,1748,0,0,0,0,2765,1748
405979,2002,1999,,1999,1999,1166,0,1166,1166,3165,3165
405988,2002,1775,,1775,1775,1008,0,1008,1008,2783,2783
405997,2002,2666,,2666,2666,779,0,779,779,3445,3445
406006,2002,4233,,4233,4233,1280,0,1280,1280,5513,5513
406015,2002,9627,,9627,9627,2534,0,2534,2534,12161,12161
406024,2002,46,,46,46,0,0,0,0,46,46
406033,2002,46,,46,46,0,0,0,0,46,46
406051,2002,68,,68,68,0,0,0,0,68,68
406060,2002,27,,27,27,0,0,0,0,27,27
406149,2002,73,25,98,83,0,0,0,0,98,83
406194,2002,279,39,318,294,0,0,0,0,318,294
406200,2002,492,,492,492,0,0,0,0,492,492
406219,2002,95,18,113,102,0,0,0,0,113,102
406264,2002,432,3,435,433,0,0,0,0,435,433
406273,2002,39,,39,39,0,0,0,0,39,39
406325,2002,49,34,83,62,0,0,0,0,83,62
406361,2002,67,,67,67,0,0,0,0,67,67
406413,2002,37,,37,37,0,0,0,0,37,37
406422,2002,52,13,65,57,0,0,0,0,65,57
406486,2002,18,10,28,22,0,0,0,0,28,22
406495,2002,164,31,195,176,0,0,0,0,195,176
406547,2002,310,6,316,312,0,0,0,0,316,312
406556,2002,283,40,323,299,0,0,0,0,323,299
407009,2002,2720,2315,5035,3654,387,1208,1595,824,6630,4478
407054,2002,54,131,185,106,0,0,0,0,185,106
407063,2002,480,69,549,507,0,0,0,0,549,507
407090,2002,55,138,193,110,0,0,0,0,193,110
407106,2002,33,15,48,39,0,0,0,0,48,39
407142,2002,83,,83,83,0,0,0,0,83,83
407151,2002,85,,85,85,0,0,0,0,85,85
407179,2002,158,71,229,186,0,0,0,0,229,186
407258,2002,189,533,722,398,0,23,23,9,745,407
407285,2002,376,403,779,534,0,0,0,0,779,534
407319,2002,315,30,345,327,0,0,0,0,345,327
407328,2002,54,20,74,62,0,0,0,0,74,62
407355,2002,106,9,115,110,0,0,0,0,115,110
407382,2002,21,,21,21,0,0,0,0,21,21
407391,2002,67,53,120,88,0,0,0,0,120,88
407407,2002,77,64,141,102,0,0,0,0,141,102
407425,2002,94,44,138,111,0,0,0,0,138,111
407434,2002,60,38,98,75,0,0,0,0,98,75
407443,2002,,79,79,31,0,0,0,0,79,31
407452,2002,163,,163,163,0,0,0,0,163,163
407461,2002,207,,207,207,0,0,0,0,207,207
407470,2002,65,,65,65,0,0,0,0,65,65
407489,2002,67,,67,67,0,0,0,0,67,67
407504,2002,79,,79,79,0,0,0,0,79,79
407513,2002,120,45,165,138,0,0,0,0,165,138
407522,2002,29,9,38,33,0,0,0,0,38,33
407568,2002,10,13,23,15,0,0,0,0,23,15
407577,2002,226,89,315,261,0,0,0,0,315,261
407586,2002,,507,507,201,0,0,0,0,507,201
407595,2002,145,,145,145,0,0,0,0,145,145
407601,2002,14,9,23,18,0,0,0,0,23,18
407629,2002,,,0,0,853,0,853,853,853,853
407638,2002,473,643,1116,689,0,0,0,0,1116,689
407665,2002,60,32,92,73,0,0,0,0,92,73
407683,2002,44,66,110,70,0,0,0,0,110,70
407692,2002,113,,113,113,0,0,0,0,113,113
407708,2002,183,,183,183,0,0,0,0,183,183
407726,2002,73,,73,73,0,0,0,0,73,73
407735,2002,74,,74,74,0,0,0,0,74,74
407744,2002,47,,47,47,0,0,0,0,47,47
407832,2002,12,33,45,25,0,0,0,0,45,25
407975,2002,462,269,731,552,0,0,0,0,731,552
407984,2002,70,,70,70,0,0,0,0,70,70
408002,2002,102,14,116,107,0,0,0,0,116,107
408039,2002,474,,474,474,0,0,0,0,474,474
408057,2002,72,12,84,77,0,0,0,0,84,77
408066,2002,36,30,66,48,0,0,0,0,66,48
408190,2002,57,,57,57,0,0,0,0,57,57
408224,2002,28,,28,28,0,0,0,0,28,28
408233,2002,22,,22,22,0,0,0,0,22,22
408312,2002,43,,43,43,0,0,0,0,43,43
408376,2002,11,,11,11,0,0,0,0,11,11
408385,2002,306,,306,306,0,0,0,0,306,306
408394,2002,466,143,609,514,0,0,0,0,609,514
408437,2002,40,,40,40,0,0,0,0,40,40
408747,2002,6,,6,6,0,0,0,0,6,6
408844,2002,1152,,1152,1152,0,0,0,0,1152,1152
408862,2002,66,50,116,86,0,0,0,0,116,86
408914,2002,371,1614,1985,913,0,0,0,0,1985,913
409023,2002,709,,709,709,0,0,0,0,709,709
409032,2002,425,,425,425,0,0,0,0,425,425
409050,2002,12,,12,12,0,0,0,0,12,12
409069,2002,498,73,571,527,0,0,0,0,571,527
409120,2002,174,5,179,176,0,0,0,0,179,176
409166,2002,87,,87,87,0,0,0,0,87,87
409193,2002,632,,632,632,0,0,0,0,632,632
409209,2002,155,,155,155,0,0,0,0,155,155
409236,2002,539,142,681,595,13,45,58,30,739,625
409245,2002,32,,32,32,0,0,0,0,32,32
409254,2002,,,0,0,48,143,191,103,191,103
409281,2002,111,44,155,128,0,0,0,0,155,128
409315,2002,5851,7844,13695,8485,0,0,0,0,13695,8485
409324,2002,37,,37,37,0,0,0,0,37,37
409333,2002,75,,75,75,0,0,0,0,75,75
409537,2002,,55,55,22,0,0,0,0,55,22
409546,2002,107,18,125,114,0,0,0,0,125,114
409591,2002,39,1628,1667,685,0,0,0,0,1667,685
409616,2002,,,0,0,397,128,525,467,525,467
409670,2002,1422,,1422,1422,0,0,0,0,1422,1422
409689,2002,273,152,425,333,82,133,215,137,640,470
409698,2002,2884,324,3208,3015,153,190,343,222,3551,3237
409829,2002,317,,317,317,0,0,0,0,317,317
409838,2002,418,,418,418,0,0,0,0,418,418
409874,2002,573,47,620,592,0,0,0,0,620,592
410070,2002,204,,204,204,0,0,0,0,204,204
410283,2002,176,,176,176,0,0,0,0,176,176
410496,2002,304,65,369,330,0,0,0,0,369,330
410502,2002,380,,380,380,0,0,0,0,380,380
410520,2002,193,171,364,261,0,0,0,0,364,261
410539,2002,464,,464,464,0,0,0,0,464,464
410788,2002,178,96,274,216,0,0,0,0,274,216
410797,2002,204,,204,204,0,0,0,0,204,204
411055,2002,175,,175,175,0,0,0,0,175,175
411374,2002,116,,116,116,0,0,0,0,116,116
411684,2002,223,,223,223,0,0,0,0,223,223
411754,2002,38,3,41,39,0,0,0,0,41,39
411790,2002,120,46,166,138,0,0,0,0,166,138
411806,2002,150,9,159,154,0,0,0,0,159,154
412003,2002,,214,214,85,0,0,0,0,214,85
412173,2002,181,,181,181,0,0,0,0,181,181
412535,2002,42,,42,42,0,0,0,0,42,42
412544,2002,162,78,240,193,0,0,0,0,240,193
412599,2002,574,,574,574,0,0,0,0,574,574
412650,2002,24,7,31,27,0,0,0,0,31,27
412854,2002,21,,21,21,0,0,0,0,21,21
413176,2002,24,2,26,25,0,0,0,0,26,25
413185,2002,34,,34,34,0,0,0,0,34,34
413343,2002,28,,28,28,0,0,0,0,28,28
413413,2002,320,294,614,435,1450,3740,5190,2879,5804,3314
413501,2002,23,,23,23,0,0,0,0,23,23
413565,2002,223,,223,223,0,0,0,0,223,223
413617,2002,142,388,530,296,0,0,0,0,530,296
413626,2002,178,66,244,200,0,0,0,0,244,200
413635,2002,446,,446,446,0,0,0,0,446,446
413644,2002,,,0,0,52,0,52,52,52,52
413680,2002,488,,488,488,0,0,0,0,488,488
413723,2002,320,21,341,328,0,0,0,0,341,328
413778,2002,341,,341,341,0,0,0,0,341,341
413802,2002,323,144,467,371,0,0,0,0,467,371
413820,2002,15,,15,15,0,0,0,0,15,15
413839,2002,327,17,344,334,0,0,0,0,344,334
413848,2002,538,47,585,556,0,0,0,0,585,556
413857,2002,364,38,402,379,0,0,0,0,402,379
413866,2002,290,21,311,298,0,0,0,0,311,298
413875,2002,219,35,254,233,0,0,0,0,254,233
413884,2002,570,14,584,575,0,0,0,0,584,575
413909,2002,1,22,23,10,0,0,0,0,23,10
413918,2002,39,,39,39,0,0,0,0,39,39
413945,2002,90,,90,90,0,0,0,0,90,90
413972,2002,115,,115,115,0,0,0,0,115,115
414027,2002,253,,253,253,0,0,0,0,253,253
414036,2002,360,,360,360,0,0,0,0,360,360
414054,2002,20,5,25,22,0,0,0,0,25,22
414063,2002,14,10,24,18,0,0,0,0,24,18
414124,2002,105,31,136,117,0,0,0,0,136,117
414160,2002,752,640,1392,1003,0,0,0,0,1392,1003
414452,2002,37,,37,37,0,0,0,0,37,37
414461,2002,1645,96,1741,1683,0,0,0,0,1741,1683
414489,2002,103,,103,103,0,0,0,0,103,103
414531,2002,251,17,268,258,0,0,0,0,268,258
414540,2002,186,15,201,192,0,0,0,0,201,192
414559,2002,24,,24,24,0,0,0,0,24,24
414568,2002,356,51,407,376,0,0,0,0,407,376
414586,2002,368,38,406,383,0,0,0,0,406,383
414595,2002,,,0,0,255,127,382,304,382,304
414708,2002,656,1079,1735,1080,511,684,1195,772,2930,1852
414823,2002,2062,86,2148,2096,0,0,0,0,2148,2096
414832,2002,178,28,206,189,0,0,0,0,206,189
414841,2002,340,45,385,358,0,0,0,0,385,358
414850,2002,472,65,537,498,0,0,0,0,537,498
414878,2002,16,92,108,52,0,0,0,0,108,52
414911,2002,604,819,1423,879,0,0,0,0,1423,879
414939,2002,253,,253,253,0,0,0,0,253,253
414966,2002,,,0,0,102,88,190,144,190,144
415011,2002,242,2,244,243,0,0,0,0,244,243
415039,2002,64,30,94,76,0,0,0,0,94,76
415048,2002,153,,153,153,0,0,0,0,153,153
415057,2002,136,,136,136,0,0,0,0,136,136
415376,2002,520,,520,520,0,0,0,0,520,520
415729,2002,30,1,31,30,0,0,0,0,31,30
415774,2002,142,,142,142,0,0,0,0,142,142
415987,2002,429,,429,429,0,0,0,0,429,429
416458,2002,141,,141,141,0,0,0,0,141,141
416670,2002,34,45,79,52,0,0,0,0,79,52
416801,2002,59,,59,59,0,0,0,0,59,59
416962,2002,1976,,1976,1976,1066,0,1066,1066,3042,3042
416971,2002,25,11,36,29,0,0,0,0,36,29
416980,2002,34,28,62,45,0,0,0,0,62,45
417062,2002,72,,72,72,0,0,0,0,72,72
417105,2002,,3112,3112,1236,0,0,0,0,3112,1236
417114,2002,825,,825,825,0,0,0,0,825,825
417123,2002,292,72,364,321,0,0,0,0,364,321
417132,2002,16,89,105,51,0,0,0,0,105,51
417318,2002,161,,161,161,0,0,0,0,161,161
417327,2002,298,16,314,304,0,0,0,0,314,304
417345,2002,,,0,0,16,0,16,16,16,16
417381,2002,118,102,220,158,0,0,0,0,220,158
417406,2002,32,17,49,39,0,0,0,0,49,39
417415,2002,18,2,20,19,0,0,0,0,20,19
417433,2002,60,,60,60,0,0,0,0,60,60
417442,2002,26,,26,26,0,0,0,0,26,26
417497,2002,77,13,90,82,0,0,0,0,90,82
417503,2002,99,,99,99,0,0,0,0,99,99
417549,2002,247,,247,247,0,0,0,0,247,247
417567,2002,92,,92,92,0,0,0,0,92,92
417576,2002,91,1,92,91,0,0,0,0,92,91
417619,2002,230,,230,230,0,0,0,0,230,230
417628,2002,34,4,38,36,0,0,0,0,38,36
417637,2002,75,35,110,89,0,0,0,0,110,89
417646,2002,36,,36,36,0,0,0,0,36,36
417655,2002,47,5,52,49,0,0,0,0,52,49
417664,2002,,17,17,7,0,0,0,0,17,7
417673,2002,53,5,58,55,0,0,0,0,58,55
417682,2002,23,1,24,23,0,0,0,0,24,23
417691,2002,,3,3,1,0,0,0,0,3,1
417716,2002,101,,101,101,0,0,0,0,101,101
417725,2002,39,,39,39,0,0,0,0,39,39
417734,2002,27,60,87,51,0,0,0,0,87,51
417743,2002,3,,3,3,0,0,0,0,3,3
417752,2002,98,17,115,105,0,0,0,0,115,105
417789,2002,40,38,78,55,0,0,0,0,78,55
417798,2002,67,15,82,73,0,0,0,0,82,73
417822,2002,167,163,330,222,0,0,0,0,330,222
417831,2002,71,28,99,82,0,0,0,0,99,82
417840,2002,,77,77,31,0,0,0,0,77,31
417868,2002,27,,27,27,0,0,0,0,27,27
417886,2002,68,17,85,75,0,0,0,0,85,75
417901,2002,10,,10,10,0,0,0,0,10,10
417910,2002,198,,198,198,0,0,0,0,198,198
417947,2002,62,,62,62,0,0,0,0,62,62
417974,2002,69,,69,69,0,0,0,0,69,69
417983,2002,,66,66,26,0,0,0,0,66,26
417992,2002,32,36,68,46,0,0,0,0,68,46
418001,2002,70,6,76,72,0,0,0,0,76,72
418010,2002,,39,39,15,0,0,0,0,39,15
418029,2002,57,42,99,74,0,0,0,0,99,74
418038,2002,82,,82,82,0,0,0,0,82,82
418056,2002,78,27,105,89,0,0,0,0,105,89
418065,2002,31,166,197,97,0,0,0,0,197,97
418074,2002,,70,70,28,0,0,0,0,70,28
418083,2002,41,23,64,50,0,0,0,0,64,50
418126,2002,237,342,579,371,59,25,84,69,663,440
418162,2002,733,699,1432,1011,0,0,0,0,1432,1011
418171,2002,38,,38,38,0,0,0,0,38,38
418199,2002,46,,46,46,0,0,0,0,46,46
418205,2002,69,140,209,125,0,0,0,0,209,125
418223,2002,75,,75,75,0,0,0,0,75,75
418250,2002,69,130,199,121,0,0,0,0,199,121
418269,2002,133,,133,133,0,0,0,0,133,133
418278,2002,126,14,140,132,0,0,0,0,140,132
418287,2002,128,6,134,130,0,0,0,0,134,130
418296,2002,68,56,124,87,0,0,0,0,124,87
418302,2002,91,161,252,155,0,0,0,0,252,155
418320,2002,63,68,131,90,0,0,0,0,131,90
418339,2002,69,13,82,74,0,0,0,0,82,74
418348,2002,76,44,120,91,0,0,0,0,120,91
418357,2002,35,14,49,41,0,0,0,0,49,41
418384,2002,42,4,46,44,0,0,0,0,46,44
418393,2002,387,,387,387,0,0,0,0,387,387
418409,2002,46,,46,46,0,0,0,0,46,46
418418,2002,54,,54,54,0,0,0,0,54,54
418427,2002,71,25,96,81,0,0,0,0,96,81
418445,2002,28,,28,28,0,0,0,0,28,28
418463,2002,,,0,0,4,0,4,4,4,4
418481,2002,37,,37,37,0,0,0,0,37,37
418506,2002,56,,56,56,0,0,0,0,56,56
418515,2002,44,46,90,62,0,0,0,0,90,62
418524,2002,28,,28,28,0,0,0,0,28,28
418533,2002,250,51,301,270,0,0,0,0,301,270
418542,2002,77,,77,77,0,0,0,0,77,77
418588,2002,28,,28,28,0,0,0,0,28,28
418603,2002,35,19,54,43,0,0,0,0,54,43
418612,2002,26,,26,26,0,0,0,0,26,26
418658,2002,3,64,67,28,0,0,0,0,67,28
418700,2002,439,,439,439,0,0,0,0,439,439
418719,2002,91,,91,91,0,0,0,0,91,91
418737,2002,105,,105,105,0,0,0,0,105,105
418755,2002,152,,152,152,0,0,0,0,152,152
418764,2002,39,,39,39,0,0,0,0,39,39
418773,2002,553,,553,553,0,0,0,0,553,553
418782,2002,354,2,356,355,0,0,0,0,356,355
418791,2002,85,,85,85,0,0,0,0,85,85
418870,2002,190,3,193,191,0,0,0,0,193,191
418889,2002,48,28,76,59,0,0,0,0,76,59
418898,2002,66,,66,66,0,0,0,0,66,66
418904,2002,36,,36,36,0,0,0,0,36,36
418913,2002,14,32,46,27,0,0,0,0,46,27
418968,2002,68,99,167,107,0,0,0,0,167,107
418977,2002,21,,21,21,0,0,0,0,21,21
419004,2002,36,57,93,59,0,0,0,0,93,59
419022,2002,536,,536,536,0,0,0,0,536,536
419031,2002,25,,25,25,0,0,0,0,25,25
419095,2002,39,,39,39,0,0,0,0,39,39
419101,2002,69,33,102,82,0,0,0,0,102,82
419147,2002,33,22,55,42,0,0,0,0,55,42
419156,2002,119,,119,119,0,0,0,0,119,119
419183,2002,127,,127,127,0,0,0,0,127,127
419217,2002,64,,64,64,0,0,0,0,64,64
419226,2002,641,,641,641,0,0,0,0,641,641
419235,2002,45,,45,45,0,0,0,0,45,45
419244,2002,57,44,101,74,0,0,0,0,101,74
419253,2002,154,,154,154,0,0,0,0,154,154
419262,2002,32,,32,32,0,0,0,0,32,32
419271,2002,19,19,38,27,0,0,0,0,38,27
419280,2002,35,,35,35,0,0,0,0,35,35
419305,2002,298,,298,298,0,0,0,0,298,298
419314,2002,15,,15,15,0,0,0,0,15,15
419332,2002,8,5,13,10,0,0,0,0,13,10
419341,2002,64,,64,64,0,0,0,0,64,64
419350,2002,151,,151,151,0,0,0,0,151,151
419378,2002,385,,385,385,0,0,0,0,385,385
419411,2002,76,180,256,147,0,0,0,0,256,147
419439,2002,40,,40,40,0,0,0,0,40,40
419457,2002,,,0,0,390,121,511,436,511,436
419466,2002,58,,58,58,0,0,0,0,58,58
419484,2002,30,,30,30,0,0,0,0,30,30
419509,2002,2606,,2606,2606,862,0,862,862,3468,3468
419572,2002,74,669,743,337,0,0,0,0,743,337
419633,2002,47,,47,47,0,0,0,0,47,47
419660,2002,514,,514,514,0,0,0,0,514,514
419688,2002,68,,68,68,0,0,0,0,68,68
419703,2002,731,,731,731,0,0,0,0,731,731
419712,2002,243,4,247,245,0,0,0,0,247,245
419721,2002,351,,351,351,0,0,0,0,351,351
420006,2002,779,7,786,782,38,0,38,38,824,820
420024,2002,187,,187,187,0,0,0,0,187,187
420042,2002,781,,781,781,483,0,483,483,1264,1264
420103,2002,165,,165,165,0,0,0,0,165,165
420130,2002,,164,164,65,0,0,0,0,164,65
420194,2002,209,,209,209,0,0,0,0,209,209
420200,2002,56,85,141,90,0,0,0,0,141,90
420246,2002,,,0,0,293,3,296,295,296,295
420255,2002,133,,133,133,0,0,0,0,133,133
420307,2002,1726,737,2463,2016,0,0,0,0,2463,2016
420316,2002,335,355,690,474,0,0,0,0,690,474
420325,2002,94,,94,94,6,0,6,6,100,100
420343,2002,750,,750,750,0,0,0,0,750,750
420352,2002,21,39,60,36,0,0,0,0,60,36
420398,2002,2738,4075,6813,4106,0,0,0,0,6813,4106
420404,2002,580,45,625,598,0,0,0,0,625,598
420431,2002,268,602,870,470,0,0,0,0,870,470
420440,2002,296,590,886,494,0,0,0,0,886,494
420459,2002,65,21,86,73,0,0,0,0,86,73
420468,2002,228,148,376,278,0,0,0,0,376,278
420495,2002,794,,794,794,0,0,0,0,794,794
420501,2002,201,,201,201,0,0,0,0,201,201
420529,2002,,,0,0,31,51,82,59,82,59
420538,2002,516,631,1147,728,0,0,0,0,1147,728
420556,2002,262,622,884,471,0,0,0,0,884,471
420574,2002,852,1674,2526,1528,219,381,600,357,3126,1885
420583,2002,69,,69,69,0,0,0,0,69,69
420608,2002,50,126,176,100,0,0,0,0,176,100
420723,2002,39,214,253,111,0,0,0,0,253,111
420796,2002,147,73,220,176,0,0,0,0,220,176
420857,2002,143,,143,143,0,0,0,0,143,143
420866,2002,2,4,6,4,180,63,243,204,249,208
420945,2002,54,,54,54,0,0,0,0,54,54
420981,2002,56,54,110,77,0,0,0,0,110,77
421009,2002,1377,,1377,1377,516,0,516,516,1893,1893
421018,2002,2511,,2511,2511,807,0,807,807,3318,3318
421513,2002,151,,151,151,0,0,0,0,151,151
421540,2002,49,6,55,51,0,0,0,0,55,51
421559,2002,82,16,98,87,0,0,0,0,98,87
421586,2002,117,,117,117,0,0,0,0,117,117
421601,2002,27,8,35,30,0,0,0,0,35,30
421610,2002,24,34,58,37,0,0,0,0,58,37
421647,2002,,184,184,73,0,0,0,0,184,73
421665,2002,6,14,20,12,0,0,0,0,20,12
421708,2002,163,,163,163,0,0,0,0,163,163
421717,2002,26,,26,26,0,0,0,0,26,26
421771,2002,40,,40,40,0,0,0,0,40,40
421805,2002,15,,15,15,0,0,0,0,15,15
421832,2002,257,,257,257,0,0,0,0,257,257
421841,2002,175,,175,175,0,0,0,0,175,175
421878,2002,131,61,192,155,0,0,0,0,192,155
421896,2002,129,,129,129,0,0,0,0,129,129
421902,2002,88,,88,88,0,0,0,0,88,88
421920,2002,47,,47,47,0,0,0,0,47,47
421939,2002,33,,33,33,0,0,0,0,33,33
421975,2002,,,0,0,6,0,6,6,6,6
422020,2002,60,,60,60,0,0,0,0,60,60
422039,2002,7,2,9,8,0,0,0,0,9,8
422118,2002,373,8,381,376,0,0,0,0,381,376
422543,2002,10,4,14,12,0,0,0,0,14,12
422695,2002,219,,219,219,0,0,0,0,219,219
423120,2002,450,,450,450,0,0,0,0,450,450
423397,2002,181,,181,181,0,0,0,0,181,181
423412,2002,60,,60,60,0,0,0,0,60,60
423582,2002,86,36,122,100,0,0,0,0,122,100
423643,2002,115,,115,115,1014,21,1035,1023,1150,1138
423652,2002,66,396,462,199,0,0,0,0,462,199
423661,2002,30,,30,30,0,0,0,0,30,30
423670,2002,115,116,231,161,0,0,0,0,231,161
423980,2002,758,486,1244,951,0,0,0,0,1244,951
424424,2002,220,,220,220,0,0,0,0,220,220
424664,2002,,,0,0,61,163,224,150,224,150
425250,2002,24,38,62,39,0,0,0,0,62,39
425296,2002,123,42,165,139,36,6,42,38,207,177
425393,2002,26,,26,26,0,0,0,0,26,26
425889,2002,86,56,142,108,0,0,0,0,142,108
425986,2002,110,12,122,115,0,0,0,0,122,115
426271,2002,489,,489,489,0,0,0,0,489,489
426314,2002,176,6073,6249,2562,39,2250,2289,899,8538,3461
427308,2002,218,,218,218,0,0,0,0,218,218
427335,2002,137,51,188,157,0,0,0,0,188,157
427663,2002,447,33,480,460,0,0,0,0,480,460
427894,2002,90,,90,90,0,0,0,0,90,90
427919,2002,139,,139,139,0,0,0,0,139,139
427973,2002,138,,138,138,0,0,0,0,138,138
427982,2002,315,,315,315,0,0,0,0,315,315
427991,2002,224,128,352,275,0,0,0,0,352,275
428000,2002,203,,203,203,0,0,0,0,203,203
428019,2002,206,,206,206,0,0,0,0,206,206
428037,2002,,17,17,7,0,0,0,0,17,7
428055,2002,84,,84,84,0,0,0,0,84,84
428073,2002,27,,27,27,0,0,0,0,27,27
428091,2002,159,,159,159,0,0,0,0,159,159
428107,2002,,,0,0,63,37,100,77,100,77
428125,2002,93,2,95,94,0,0,0,0,95,94
428134,2002,50,36,86,64,0,0,0,0,86,64
428143,2002,117,,117,117,0,0,0,0,117,117
428170,2002,735,146,881,793,0,0,0,0,881,793
428259,2002,70,265,335,174,0,0,0,0,335,174
428268,2002,25,15,40,31,207,56,263,228,303,259
428286,2002,808,299,1107,925,0,0,0,0,1107,925
428295,2002,36,9,45,40,0,0,0,0,45,40
428329,2002,119,8,127,122,0,0,0,0,127,122
428338,2002,,,0,0,29,67,96,66,96,66
428347,2002,100,,100,100,0,0,0,0,100,100
428392,2002,419,449,868,570,0,0,0,0,868,570
428444,2002,1054,164,1218,1118,0,0,0,0,1218,1118
429003,2002,252,,252,252,0,0,0,0,252,252
429012,2002,298,,298,298,0,0,0,0,298,298
429021,2002,40,,40,40,0,0,0,0,40,40
429076,2002,,,0,0,37,112,149,90,149,90
429085,2002,,,0,0,87,70,157,114,157,114
429094,2002,,,0,0,165,16,181,171,181,171
429100,2002,124,,124,124,0,0,0,0,124,124
429128,2002,,604,604,240,0,0,0,0,604,240
429216,2002,457,,457,457,0,0,0,0,457,457
429599,2002,478,37,515,493,0,0,0,0,515,493
430050,2002,738,,738,738,0,0,0,0,738,738
430087,2002,44,169,213,110,72,36,108,86,321,196
430096,2002,253,138,391,308,0,0,0,0,391,308
430102,2002,14,88,102,49,0,0,0,0,102,49
430148,2002,337,82,419,370,0,0,0,0,419,370
430157,2002,202,,202,202,0,0,0,0,202,202
430166,2002,161,,161,161,0,0,0,0,161,161
430175,2002,501,,501,501,0,0,0,0,501,501
430218,2002,93,50,143,113,0,0,0,0,143,113
430227,2002,52,38,90,67,0,0,0,0,90,67
430245,2002,179,,179,179,0,0,0,0,179,179
430254,2002,129,265,394,234,0,0,0,0,394,234
430263,2002,398,56,454,420,0,0,0,0,454,420
430342,2002,111,,111,111,0,0,0,0,111,111
430351,2002,304,17,321,311,0,0,0,0,321,311
430360,2002,549,42,591,566,0,0,0,0,591,566
430379,2002,513,59,572,536,0,0,0,0,572,536
430388,2002,594,67,661,621,0,0,0,0,661,621
430403,2002,101,37,138,116,0,0,0,0,138,116
430421,2002,419,,419,419,0,0,0,0,419,419
430485,2002,145,,145,145,0,0,0,0,145,145
430500,2002,6,,6,6,0,0,0,0,6,6
430564,2002,15,35,50,29,0,0,0,0,50,29
430573,2002,,,0,0,45,0,45,45,45,45
430582,2002,235,,235,235,0,0,0,0,235,235
430591,2002,,,0,0,166,77,243,195,243,195
430616,2002,142,,142,142,0,0,0,0,142,142
430643,2002,4,19,23,12,0,0,0,0,23,12
430670,2002,,,0,0,175,0,175,175,175,175
430704,2002,,,0,0,91,14,105,96,105,96
430722,2002,11,,11,11,0,0,0,0,11,11
430768,2002,78,,78,78,0,0,0,0,78,78
430795,2002,332,15,347,337,0,0,0,0,347,337
430810,2002,46,26,72,56,0,0,0,0,72,56
430847,2002,17,15,32,23,0,0,0,0,32,23
430883,2002,34,,34,34,0,0,0,0,34,34
430908,2002,24,,24,24,0,0,0,0,24,24
430917,2002,131,,131,131,0,0,0,0,131,131
430935,2002,122,100,222,162,0,0,0,0,222,162
430953,2002,458,,458,458,0,0,0,0,458,458
430962,2002,104,,104,104,0,0,0,0,104,104
430971,2002,43,18,61,50,0,0,0,0,61,50
430980,2002,241,,241,241,0,0,0,0,241,241
430999,2002,36,,36,36,0,0,0,0,36,36
431017,2002,69,13,82,74,0,0,0,0,82,74
431035,2002,198,,198,198,0,0,0,0,198,198
431044,2002,,147,147,58,0,0,0,0,147,58
431071,2002,34,14,48,40,0,0,0,0,48,40
431099,2002,19,17,36,26,0,0,0,0,36,26
431105,2002,41,42,83,58,0,0,0,0,83,58
431114,2002,,,0,0,72,0,72,72,72,72
431123,2002,740,,740,740,0,0,0,0,740,740
431141,2002,891,,891,891,0,0,0,0,891,891
431169,2002,153,15,168,158,0,0,0,0,168,158
431178,2002,191,3,194,192,0,0,0,0,194,192
431196,2002,37,,37,37,0,0,0,0,37,37
431248,2002,16,4,20,18,0,0,0,0,20,18
431266,2002,38,78,116,69,0,0,0,0,116,69
431275,2002,30,37,67,45,0,0,0,0,67,45
431284,2002,68,52,120,89,0,0,0,0,120,89
431309,2002,470,,470,470,0,0,0,0,470,470
431558,2002,229,,229,229,0,0,0,0,229,229
431594,2002,,,0,0,14,0,14,14,14,14
431600,2002,36,,36,36,0,0,0,0,36,36
431637,2002,31,9,40,35,0,0,0,0,40,35
431664,2002,180,80,260,212,0,0,0,0,260,212
431691,2002,40,10,50,44,0,0,0,0,50,44
431716,2002,587,,587,587,0,0,0,0,587,587
431743,2002,,,0,0,4,33,37,17,37,17
431770,2002,39,56,95,61,0,0,0,0,95,61
431804,2002,10,,10,10,0,0,0,0,10,10
431822,2002,,,0,0,14,0,14,14,14,14
431831,2002,359,,359,359,0,0,0,0,359,359
431859,2002,33,221,254,121,0,0,0,0,254,121
431877,2002,25,10,35,29,0,0,0,0,35,29
431886,2002,448,,448,448,0,0,0,0,448,448
431929,2002,209,22,231,218,0,0,0,0,231,218
431956,2002,83,,83,83,0,0,0,0,83,83
431965,2002,86,,86,86,0,0,0,0,86,86
431974,2002,90,,90,90,0,0,0,0,90,90
431983,2002,120,,120,120,0,0,0,0,120,120
432074,2002,64,21,85,72,0,0,0,0,85,72
432083,2002,,108,108,43,0,0,0,0,108,43
432108,2002,143,,143,143,0,0,0,0,143,143
432117,2002,14,27,41,25,0,0,0,0,41,25
432199,2002,1462,590,2052,1694,8,8,16,11,2068,1705
432214,2002,,,0,0,30,80,110,61,110,61
432223,2002,1363,,1363,1363,463,0,463,463,1826,1826
432232,2002,962,,962,962,433,0,433,433,1395,1395
432241,2002,1235,,1235,1235,301,0,301,301,1536,1536
432269,2002,88,,88,88,0,0,0,0,88,88
432278,2002,41,46,87,59,0,0,0,0,87,59
432296,2002,302,,302,302,0,0,0,0,302,302
432302,2002,268,,268,268,0,0,0,0,268,268
432311,2002,273,,273,273,0,0,0,0,273,273
432348,2002,,,0,0,298,5,303,301,303,301
432357,2002,,,0,0,53,122,175,100,175,100
432384,2002,411,,411,411,0,0,0,0,411,411
432436,2002,116,,116,116,0,0,0,0,116,116
432481,2002,168,,168,168,0,0,0,0,168,168
432524,2002,133,142,275,189,0,0,0,0,275,189
432533,2002,1529,202,1731,1608,0,0,0,0,1731,1608
433004,2002,28,53,81,49,0,0,0,0,81,49
433013,2002,14,169,183,81,0,0,0,0,183,81
433022,2002,708,,708,708,0,0,0,0,708,708
433040,2002,43,,43,43,0,0,0,0,43,43
433068,2002,289,156,445,351,0,0,0,0,445,351
433086,2002,77,6,83,79,0,0,0,0,83,79
433101,2002,177,,177,177,0,0,0,0,177,177
433138,2002,98,374,472,246,0,0,0,0,472,246
433156,2002,,,0,0,3,2,5,4,5,4
433165,2002,2,,2,2,0,0,0,0,2,2
433174,2002,118,267,385,208,0,0,0,0,385,208
433217,2002,,,0,0,5,0,5,5,5,5
433299,2002,39,,39,39,0,0,0,0,39,39
433305,2002,,,0,0,46,6,52,48,52,48
433387,2002,121,,121,121,237,318,555,358,676,479
433420,2002,88,,88,88,0,0,0,0,88,88
433536,2002,182,32,214,195,0,0,0,0,214,195
433563,2002,325,42,367,342,0,0,0,0,367,342
433660,2002,2773,1340,4113,3314,255,741,996,523,5109,3837
433688,2002,611,,611,611,0,0,0,0,611,611
433970,2002,218,,218,218,0,0,0,0,218,218
434016,2002,71,75,146,101,0,0,0,0,146,101
434025,2002,39,,39,39,0,0,0,0,39,39
434034,2002,361,802,1163,676,0,0,0,0,1163,676
434052,2002,650,35,685,664,0,0,0,0,685,664
434061,2002,415,658,1073,636,0,0,0,0,1073,636
434113,2002,332,,332,332,0,0,0,0,332,332
434122,2002,40,,40,40,0,0,0,0,40,40
434140,2002,480,,480,480,0,0,0,0,480,480
434159,2002,78,69,147,105,0,0,0,0,147,105
434274,2002,25,13,38,30,0,0,0,0,38,30
434283,2002,39,,39,39,0,0,0,0,39,39
434292,2002,1,,1,1,0,0,0,0,1,1
434308,2002,322,812,1134,644,0,0,0,0,1134,644
434317,2002,112,,112,112,0,0,0,0,112,112
434326,2002,16,49,65,35,0,0,0,0,65,35
434344,2002,51,51,102,71,0,0,0,0,102,71
434353,2002,7,4,11,9,0,0,0,0,11,9
434362,2002,21,21,42,29,0,0,0,0,42,29
434371,2002,57,1,58,57,0,0,0,0,58,57
434380,2002,8,,8,8,0,0,0,0,8,8
434399,2002,16,,16,16,0,0,0,0,16,16
434405,2002,90,,90,90,0,0,0,0,90,90
434414,2002,29,58,87,52,0,0,0,0,87,52
434423,2002,548,,548,548,0,0,0,0,548,548
434432,2002,52,9,61,56,0,0,0,0,61,56
434441,2002,,,0,0,117,0,117,117,117,117
434469,2002,258,,258,258,0,0,0,0,258,258
434496,2002,31,,31,31,0,0,0,0,31,31
434502,2002,41,3,44,42,0,0,0,0,44,42
434520,2002,275,110,385,319,0,0,0,0,385,319
434539,2002,49,9,58,53,0,0,0,0,58,53
434548,2002,416,41,457,432,0,0,0,0,457,432
434557,2002,274,30,304,286,0,0,0,0,304,286
434566,2002,262,37,299,277,0,0,0,0,299,277
434575,2002,323,9,332,327,0,0,0,0,332,327
434584,2002,61,255,316,147,0,0,0,0,316,147
434672,2002,6919,12757,19676,11202,0,0,0,0,19676,11202
434690,2002,253,,253,253,0,0,0,0,253,253
434715,2002,,,0,0,292,227,519,416,519,416
434751,2002,25,74,99,54,0,0,0,0,99,54
434812,2002,453,,453,453,0,0,0,0,453,453
434821,2002,45,,45,45,0,0,0,0,45,45
434830,2002,92,83,175,125,0,0,0,0,175,125
434849,2002,614,,614,614,0,0,0,0,614,614
434900,2002,550,,550,550,0,0,0,0,550,550
434937,2002,59,,59,59,0,0,0,0,59,59
434946,2002,1276,,1276,1276,529,0,529,529,1805,1805
434955,2002,1160,,1160,1160,430,0,430,430,1590,1590
434964,2002,1127,,1127,1127,575,0,575,575,1702,1702
434973,2002,1118,,1118,1118,426,0,426,426,1544,1544
434982,2002,583,,583,583,191,0,191,191,774,774
434991,2002,705,,705,705,207,0,207,207,912,912
435116,2002,133,,133,133,0,0,0,0,133,133
436003,2002,76,21,97,84,0,0,0,0,97,84
436012,2002,182,,182,182,0,0,0,0,182,182
436021,2002,,,0,0,17,0,17,17,17,17
436030,2002,,30,30,12,0,0,0,0,30,12
436067,2002,20,,20,20,0,0,0,0,20,20
436076,2002,63,,63,63,0,0,0,0,63,63
436094,2002,6,2,8,7,183,66,249,208,257,215
436100,2002,48,,48,48,0,0,0,0,48,48
436182,2002,311,,311,311,0,0,0,0,311,311
436191,2002,566,,566,566,0,0,0,0,566,566
436225,2002,770,,770,770,0,0,0,0,770,770
436261,2002,,,0,0,127,7,134,130,134,130
436270,2002,103,81,184,135,0,0,0,0,184,135
436289,2002,45,,45,45,0,0,0,0,45,45
436304,2002,230,355,585,349,0,0,0,0,585,349
436438,2002,27,27,54,38,306,86,392,339,446,377
436465,2002,407,,407,407,0,0,0,0,407,407
436474,2002,366,,366,366,0,0,0,0,366,366
436483,2002,141,111,252,185,0,0,0,0,252,185
436517,2002,24,10,34,28,0,0,0,0,34,28
436526,2002,111,,111,111,0,0,0,0,111,111
436553,2002,399,,399,399,0,0,0,0,399,399
436562,2002,712,,712,712,0,0,0,0,712,712
436571,2002,45,,45,45,0,0,0,0,45,45
436599,2002,6,62,68,31,0,0,0,0,68,31
436605,2002,37,33,70,50,0,0,0,0,70,50
436614,2002,39,18,57,46,1,5,6,3,63,49
436632,2002,45,13,58,50,0,0,0,0,58,50
436641,2002,102,,102,102,0,0,0,0,102,102
436650,2002,109,,109,109,0,0,0,0,109,109
436702,2002,185,,185,185,0,0,0,0,185,185
436748,2002,6,2,8,7,0,0,0,0,8,7
436757,2002,205,2,207,206,0,0,0,0,207,206
436775,2002,68,,68,68,0,0,0,0,68,68
436784,2002,290,,290,290,0,0,0,0,290,290
436793,2002,72,,72,72,0,0,0,0,72,72
436809,2002,39,,39,39,0,0,0,0,39,39
436818,2002,1222,822,2044,1554,0,37,37,13,2081,1567
436827,2002,410,326,736,542,0,25,25,9,761,551
436836,2002,597,569,1166,827,0,62,62,22,1228,849
436854,2002,39,9,48,43,0,0,0,0,48,43
437042,2002,236,28,264,247,0,0,0,0,264,247
437051,2002,236,39,275,251,0,0,0,0,275,251
437060,2002,123,,123,123,0,0,0,0,123,123
437079,2002,163,,163,163,0,0,0,0,163,163
437088,2002,16,17,33,23,0,0,0,0,33,23
437103,2002,2504,2338,4842,3289,0,0,0,0,4842,3289
437112,2002,31,,31,31,0,0,0,0,31,31
437149,2002,111,,111,111,0,0,0,0,111,111
437219,2002,412,26,438,422,0,0,0,0,438,422
437237,2002,20,,20,20,0,0,0,0,20,20
437246,2002,399,639,1038,614,0,0,0,0,1038,614
437255,2002,166,87,253,201,0,0,0,0,253,201
437316,2002,346,12,358,351,0,0,0,0,358,351
437325,2002,42,501,543,239,0,0,0,0,543,239
437431,2002,165,251,416,249,0,0,0,0,416,249
437501,2002,48,,48,48,0,0,0,0,48,48
437510,2002,228,30,258,240,27,2,29,28,287,268
437529,2002,63,18,81,70,0,0,0,0,81,70
437538,2002,81,,81,81,0,0,0,0,81,81
437556,2002,28,,28,28,0,0,0,0,28,28
437565,2002,143,,143,143,0,0,0,0,143,143
437574,2002,35,,35,35,0,0,0,0,35,35
437583,2002,101,,101,101,0,0,0,0,101,101
437592,2002,27,4,31,29,0,0,0,0,31,29
437608,2002,86,,86,86,0,0,0,0,86,86
437644,2002,34,,34,34,0,0,0,0,34,34
437653,2002,110,,110,110,0,0,0,0,110,110
437662,2002,341,,341,341,0,0,0,0,341,341
437671,2002,5,51,56,25,0,0,0,0,56,25
437705,2002,15,1,16,15,0,0,0,0,16,15
437723,2002,122,77,199,153,0,0,0,0,199,153
437732,2002,132,5,137,134,0,0,0,0,137,134
437750,2002,173,,173,173,0,0,0,0,173,173
437769,2002,524,,524,524,0,0,0,0,524,524
437778,2002,104,71,175,132,0,0,0,0,175,132
437848,2002,620,105,725,661,0,3,3,1,728,662
437857,2002,74,17,91,81,0,0,0,0,91,81
437866,2002,24,6,30,26,0,0,0,0,30,26
437884,2002,136,,136,136,0,0,0,0,136,136
437893,2002,13,,13,13,0,0,0,0,13,13
437927,2002,498,,498,498,0,0,0,0,498,498
437936,2002,476,,476,476,0,0,0,0,476,476
437945,2002,48,,48,48,0,0,0,0,48,48
438027,2002,338,129,467,389,114,197,311,189,778,578
438036,2002,58,,58,58,0,0,0,0,58,58
438133,2002,151,,151,151,0,0,0,0,151,151
438151,2002,132,,132,132,0,0,0,0,132,132
438179,2002,282,,282,282,0,0,0,0,282,282
438188,2002,766,,766,766,0,0,0,0,766,766
438197,2002,601,,601,601,0,0,0,0,601,601
438212,2002,188,123,311,237,0,0,0,0,311,237
438221,2002,241,142,383,297,0,0,0,0,383,297
438249,2002,61,,61,61,0,0,0,0,61,61
438258,2002,172,,172,172,0,0,0,0,172,172
438267,2002,48,46,94,66,0,0,0,0,94,66
438276,2002,501,,501,501,0,0,0,0,501,501
438285,2002,304,,304,304,0,0,0,0,304,304
438294,2002,129,,129,129,0,0,0,0,129,129
438337,2002,205,75,280,235,0,0,0,0,280,235
438382,2002,852,,852,852,404,0,404,404,1256,1256
438416,2002,572,,572,572,214,0,214,214,786,786
438452,2002,114,,114,114,0,0,0,0,114,114
438498,2002,611,37,648,626,34,0,34,34,682,660
438504,2002,648,,648,648,0,0,0,0,648,648
438586,2002,415,561,976,635,190,238,428,281,1404,916
438601,2002,293,,293,293,11,0,11,11,304,304
438610,2002,783,,783,783,396,0,396,396,1179,1179
438629,2002,207,,207,207,157,0,157,157,364,364
438638,2002,550,,550,550,0,0,0,0,550,550
438647,2002,726,,726,726,0,0,0,0,726,726
438656,2002,487,,487,487,0,0,0,0,487,487
438674,2002,55,35,90,69,0,0,0,0,90,69
438708,2002,71,284,355,166,0,0,0,0,355,166
438735,2002,160,,160,160,0,0,0,0,160,160
438805,2002,290,107,397,332,0,0,0,0,397,332
438850,2002,143,,143,143,0,0,0,0,143,143
438869,2002,427,,427,427,0,0,0,0,427,427
438878,2002,94,102,196,134,0,0,0,0,196,134
438887,2002,180,,180,180,0,0,0,0,180,180
438902,2002,543,406,949,702,4,38,42,19,991,721
438939,2002,,,0,0,13,38,51,34,51,34
438948,2002,,,0,0,5,33,38,23,38,23
438966,2002,128,92,220,165,0,0,0,0,220,165
438975,2002,343,,343,343,0,0,0,0,343,343
438984,2002,118,,118,118,0,0,0,0,118,118
439020,2002,,,0,0,76,70,146,103,146,103
439039,2002,77,,77,77,0,0,0,0,77,77
439048,2002,62,62,124,87,0,0,0,0,124,87
439057,2002,6,2,8,7,132,69,201,158,209,165
439127,2002,343,,343,343,0,0,0,0,343,343
439136,2002,268,39,307,283,0,0,0,0,307,283
439145,2002,1138,1483,2621,1636,0,0,0,0,2621,1636
439163,2002,958,528,1486,1165,76,215,291,158,1777,1323
439190,2002,940,961,1901,1263,0,0,0,0,1901,1263
439279,2002,328,,328,328,119,0,119,119,447,447
439288,2002,946,17,963,953,0,0,0,0,963,953
439297,2002,480,,480,480,260,0,260,260,740,740
439303,2002,101,5,106,103,0,0,0,0,106,103
439312,2002,79,6,85,81,0,0,0,0,85,81
439321,2002,215,19,234,222,0,0,0,0,234,222
439330,2002,,,0,0,23,54,77,44,77,44
439367,2002,206,,206,206,0,0,0,0,206,206
439394,2002,,,0,0,101,3,104,102,104,102
439400,2002,28,,28,28,0,0,0,0,28,28
439419,2002,21,,21,21,0,0,0,0,21,21
439428,2002,77,,77,77,0,0,0,0,77,77
439437,2002,293,,293,293,0,0,0,0,293,293
439446,2002,,,0,0,78,0,78,78,78,78
439455,2002,126,,126,126,0,0,0,0,126,126
439473,2002,64,79,143,95,0,0,0,0,143,95
439482,2002,41,,41,41,0,0,0,0,41,41
439491,2002,31,,31,31,0,0,0,0,31,31
439507,2002,221,,221,221,0,0,0,0,221,221
439516,2002,100,22,122,109,0,0,0,0,122,109
439525,2002,374,,374,374,0,0,0,0,374,374
439534,2002,115,,115,115,0,0,0,0,115,115
439543,2002,25,,25,25,0,0,0,0,25,25
439561,2002,9,4,13,11,0,0,0,0,13,11
439570,2002,157,,157,157,0,0,0,0,157,157
439589,2002,73,7,80,76,0,0,0,0,80,76
439598,2002,32,,32,32,0,0,0,0,32,32
439604,2002,24,2,26,25,0,0,0,0,26,25
439613,2002,57,166,223,122,0,0,0,0,223,122
439622,2002,46,,46,46,0,0,0,0,46,46
439659,2002,4,38,42,19,0,0,0,0,42,19
439668,2002,36,,36,36,0,0,0,0,36,36
439686,2002,305,,305,305,0,0,0,0,305,305
439695,2002,8,,8,8,0,0,0,0,8,8
439701,2002,43,175,218,112,42,170,212,124,430,236
439710,2002,,33,33,13,0,0,0,0,33,13
439729,2002,12,1,13,12,0,0,0,0,13,12
439738,2002,41,1,42,41,0,0,0,0,42,41
439747,2002,123,44,167,140,0,0,0,0,167,140
439756,2002,19,,19,19,0,0,0,0,19,19
439765,2002,,45,45,18,0,0,0,0,45,18
439774,2002,,70,70,28,0,0,0,0,70,28
439783,2002,170,42,212,187,0,0,0,0,212,187
439792,2002,242,,242,242,0,0,0,0,242,242
439817,2002,,,0,0,90,21,111,100,111,100
439826,2002,214,,214,214,0,0,0,0,214,214
439835,2002,10,31,41,22,0,0,0,0,41,22
439844,2002,72,,72,72,0,0,0,0,72,72
439862,2002,79,40,119,95,0,0,0,0,119,95
439871,2002,143,,143,143,0,0,0,0,143,143
439880,2002,,31,31,12,0,0,0,0,31,12
439905,2002,56,54,110,77,0,0,0,0,110,77
439914,2002,,,0,0,28,0,28,28,28,28
439932,2002,56,,56,56,0,0,0,0,56,56
439969,2002,155,,155,155,0,0,0,0,155,155
439978,2002,89,,89,89,0,0,0,0,89,89
439987,2002,93,,93,93,0,0,0,0,93,93
439996,2002,159,,159,159,0,0,0,0,159,159
440004,2002,,,0,0,42,0,42,42,42,42
440022,2002,138,,138,138,0,0,0,0,138,138
440031,2002,,,0,0,66,0,66,66,66,66
440059,2002,101,,101,101,0,0,0,0,101,101
440068,2002,167,,167,167,0,0,0,0,167,167
440077,2002,72,60,132,96,0,0,0,0,132,96
440086,2002,128,71,199,156,0,0,0,0,199,156
440101,2002,105,17,122,112,0,0,0,0,122,112
440110,2002,486,,486,486,0,0,0,0,486,486
440129,2002,651,,651,651,0,0,0,0,651,651
440147,2002,490,69,559,517,0,0,0,0,559,517
440156,2002,124,25,149,134,0,0,0,0,149,134
440165,2002,217,30,247,229,0,0,0,0,247,229
440174,2002,35,,35,35,0,0,0,0,35,35
440217,2002,71,,71,71,0,0,0,0,71,71
440226,2002,36,,36,36,0,0,0,0,36,36
440235,2002,40,14,54,46,0,0,0,0,54,46
440244,2002,1178,1352,2530,1632,0,0,0,0,2530,1632
440253,2002,,,0,0,334,0,334,334,334,334
440262,2002,60,,60,60,0,0,0,0,60,60
440271,2002,242,,242,242,0,0,0,0,242,242
440299,2002,430,172,602,498,0,0,0,0,602,498
440305,2002,874,1209,2083,1280,0,0,0,0,2083,1280
440323,2002,256,,256,256,0,0,0,0,256,256
440332,2002,491,,491,491,0,0,0,0,491,491
440341,2002,554,160,714,617,0,0,0,0,714,617
440369,2002,433,,433,433,0,0,0,0,433,433
440378,2002,118,,118,118,0,0,0,0,118,118
440387,2002,134,,134,134,0,0,0,0,134,134
440402,2002,338,405,743,474,0,0,0,0,743,474
440411,2002,3,,3,3,58,22,80,66,83,69
440420,2002,203,,203,203,107,0,107,107,310,310
440439,2002,1063,,1063,1063,386,0,386,386,1449,1449
440448,2002,1281,,1281,1281,560,0,560,560,1841,1841
440457,2002,376,,376,376,157,0,157,157,533,533
440466,2002,210,,210,210,51,0,51,51,261,261
440484,2002,416,107,523,458,0,0,0,0,523,458
440536,2002,348,213,561,432,61,197,258,136,819,568
440545,2002,657,208,865,739,19,59,78,42,943,781
440590,2002,440,241,681,535,23,104,127,63,808,598
440615,2002,165,100,265,199,0,0,0,0,265,199
440624,2002,72,208,280,142,0,0,0,0,280,142
440642,2002,131,7,138,134,0,0,0,0,138,134
440651,2002,480,,480,480,0,0,0,0,480,480
440679,2002,46,,46,46,0,0,0,0,46,46
440721,2002,121,22,143,130,0,0,0,0,143,130
440730,2002,161,,161,161,0,0,0,0,161,161
440749,2002,85,167,252,151,0,0,0,0,252,151
440758,2002,151,134,285,204,0,0,0,0,285,204
440767,2002,122,88,210,157,0,0,0,0,210,157
440776,2002,168,,168,168,0,0,0,0,168,168
440800,2002,33,,33,33,0,0,0,0,33,33
440819,2002,55,,55,55,0,0,0,0,55,55
440828,2002,62,232,294,156,2,89,91,34,385,190
440837,2002,48,,48,48,0,0,0,0,48,48
440846,2002,422,,422,422,0,0,0,0,422,422
440855,2002,329,,329,329,0,0,0,0,329,329
440864,2002,373,,373,373,0,0,0,0,373,373
440873,2002,90,,90,90,0,0,0,0,90,90
440882,2002,190,,190,190,0,0,0,0,190,190
440891,2002,258,,258,258,0,0,0,0,258,258
440907,2002,71,42,113,88,0,0,0,0,113,88
440916,2002,,,0,0,376,12,388,383,388,383
440925,2002,555,29,584,566,0,0,0,0,584,566
440943,2002,16,1,17,16,0,0,0,0,17,16
440952,2002,150,75,225,180,0,0,0,0,225,180
440961,2002,363,44,407,380,0,0,0,0,407,380
440970,2002,373,,373,373,0,0,0,0,373,373
440998,2002,59,,59,59,0,0,0,0,59,59
441016,2002,392,,392,392,0,0,0,0,392,392
441025,2002,475,35,510,489,0,0,0,0,510,489
441052,2002,514,,514,514,0,0,0,0,514,514
441061,2002,361,7,368,364,0,0,0,0,368,364
441070,2002,10,31,41,20,0,0,0,0,41,20
441089,2002,186,,186,186,0,0,0,0,186,186
441104,2002,,,0,0,126,66,192,151,192,151
441122,2002,274,142,416,330,0,0,0,0,416,330
441131,2002,,,0,0,95,66,161,120,161,120
441186,2002,378,210,588,463,72,268,340,169,928,632
441195,2002,81,,81,81,0,0,0,0,81,81
441201,2002,54,37,91,69,0,0,0,0,91,69
441210,2002,15,49,64,34,0,0,0,0,64,34
441229,2002,2,,2,2,0,0,0,0,2,2
441238,2002,,,0,0,39,0,39,39,39,39
441247,2002,18,2,20,19,0,0,0,0,20,19
441256,2002,18,,18,18,0,0,0,0,18,18
441265,2002,105,,105,105,0,0,0,0,105,105
441274,2002,47,,47,47,0,0,0,0,47,47
441292,2002,318,,318,318,0,0,0,0,318,318
441308,2002,,,0,0,61,0,61,61,61,61
441362,2002,,58,58,23,0,0,0,0,58,23
441380,2002,41,3,44,42,0,0,0,0,44,42
441399,2002,79,,79,79,0,0,0,0,79,79
441405,2002,44,2,46,45,0,0,0,0,46,45
441414,2002,,1522,1522,604,0,0,0,0,1522,604
441423,2002,113,,113,113,0,0,0,0,113,113
441432,2002,98,,98,98,0,0,0,0,98,98
441441,2002,55,9,64,59,0,0,0,0,64,59
441478,2002,,,0,0,145,0,145,145,145,145
441487,2002,30,28,58,41,0,0,0,0,58,41
441496,2002,142,,142,142,0,0,0,0,142,142
441502,2002,67,,67,67,0,0,0,0,67,67
441511,2002,34,5,39,36,6,5,11,8,50,44
441520,2002,37,,37,37,0,0,0,0,37,37
441539,2002,43,,43,43,0,0,0,0,43,43
441548,2002,33,1,34,33,0,0,0,0,34,33
441557,2002,28,,28,28,0,0,0,0,28,28
441566,2002,37,,37,37,0,0,0,0,37,37
441575,2002,97,,97,97,0,0,0,0,97,97
441584,2002,147,143,290,204,0,0,0,0,290,204
441609,2002,18,,18,18,0,0,0,0,18,18
441618,2002,33,39,72,48,0,0,0,0,72,48
441627,2002,20,,20,20,0,0,0,0,20,20
441636,2002,252,163,415,317,0,0,0,0,415,317
441645,2002,79,,79,79,0,0,0,0,79,79
441654,2002,,52,52,21,0,0,0,0,52,21
441663,2002,18,,18,18,0,0,0,0,18,18
441672,2002,4,,4,4,0,0,0,0,4,4
441681,2002,119,,119,119,0,0,0,0,119,119
441690,2002,12,105,117,53,4,5,9,6,126,59
441706,2002,126,4,130,128,0,0,0,0,130,128
441715,2002,94,,94,94,0,0,0,0,94,94
441724,2002,32,,32,32,0,0,0,0,32,32
441733,2002,2,,2,2,0,0,0,0,2,2
441751,2002,24,5,29,26,0,0,0,0,29,26
441760,2002,1255,1167,2422,1647,0,0,0,0,2422,1647
441779,2002,50,,50,50,0,0,0,0,50,50
441797,2002,30,16,46,36,0,0,0,0,46,36
441803,2002,159,,159,159,0,0,0,0,159,159
441821,2002,21,20,41,29,0,0,0,0,41,29
441830,2002,8,,8,8,0,0,0,0,8,8
441858,2002,20,42,62,37,0,0,0,0,62,37
441867,2002,6,5,11,8,0,0,0,0,11,8
441876,2002,24,12,36,29,0,0,0,0,36,29
441900,2002,91,86,177,126,0,0,0,0,177,126
441919,2002,693,33,726,706,0,0,0,0,726,706
441928,2002,54,34,88,67,0,0,0,0,88,67
441937,2002,285,225,510,376,87,33,120,99,630,475
441946,2002,,,0,0,0,70,70,38,70,38
441955,2002,76,6,82,78,0,0,0,0,82,78
441964,2002,14,7,21,17,0,0,0,0,21,17
441973,2002,887,51,938,907,0,0,0,0,938,907
441982,2002,75,,75,75,0,0,0,0,75,75
442000,2002,116,271,387,207,0,0,0,0,387,207
442028,2002,254,,254,254,0,0,0,0,254,254
442037,2002,184,99,283,223,0,0,0,0,283,223
442046,2002,138,127,265,188,0,0,0,0,265,188
442055,2002,123,99,222,162,0,0,0,0,222,162
442064,2002,,,0,0,7,5,12,9,12,9
442073,2002,349,,349,349,0,0,0,0,349,349
442082,2002,17,,17,17,0,0,0,0,17,17
442091,2002,22,,22,22,0,0,0,0,22,22
442143,2002,178,,178,178,83,0,83,83,261,261
442152,2002,366,,366,366,219,0,219,219,585,585
442161,2002,92,,92,92,27,0,27,27,119,119
442170,2002,53,,53,53,25,0,25,25,78,78
442189,2002,67,,67,67,38,0,38,38,105,105
442198,2002,,1,1,0,0,1,1,0,2,0
442204,2002,50,2,52,51,0,0,0,0,52,51
442213,2002,16,,16,16,0,0,0,0,16,16
442222,2002,2,1,3,2,13,19,32,20,35,22
442231,2002,358,,358,358,0,0,0,0,358,358
442240,2002,176,94,270,213,0,0,0,0,270,213
442259,2002,,2,2,1,0,0,0,0,2,1
442268,2002,,7,7,3,1,12,13,6,20,9
442310,2002,210,140,350,266,0,0,0,0,350,266
442329,2002,129,,129,129,0,0,0,0,129,129
442338,2002,79,3,82,80,0,0,0,0,82,80
442347,2002,5,,5,5,0,0,0,0,5,5
442365,2002,,,0,0,20,43,63,36,63,36
442383,2002,174,,174,174,0,0,0,0,174,174
442392,2002,,,0,0,11,0,11,11,11,11
442408,2002,63,38,101,78,0,0,0,0,101,78
442417,2002,43,,43,43,0,0,0,0,43,43
442426,2002,273,1,274,273,0,0,0,0,274,273
442435,2002,39,,39,39,0,0,0,0,39,39
442444,2002,140,,140,140,0,0,0,0,140,140
442462,2002,140,175,315,209,0,0,0,0,315,209
442480,2002,145,,145,145,0,0,0,0,145,145
442499,2002,195,15,210,201,0,0,0,0,210,201
442505,2002,121,7,128,124,0,0,0,0,128,124
442514,2002,13,,13,13,0,0,0,0,13,13
442523,2002,23,2,25,24,0,0,0,0,25,24